0.174150
0.424490
1.135601
1.355102
3.746032
3.961905
4.620408
4.859864
7.310658
7.573696
8.246712
8.471655
9.088435
9.311565
9.739683
10.200454
10.866213
11.131066
11.348753
11.560998
11.775057
11.987302
12.201361
12.411791
12.634921
12.839909
13.053968
13.249887
13.469388
13.688889
13.930159
14.129705
14.351020
14.572336
14.791837
14.984127
15.187302
15.394104
15.600907
15.804082
16.029025
16.243084
16.462585
16.665760
16.867120
17.090249
17.300680
17.507483
17.723356
17.924717
18.135147
18.351020
18.561451
18.764626
18.971429
19.203628
19.417687
19.639002
19.840363
20.059864
20.261224
20.497052
20.711111
20.925170
21.630839
21.835828
22.311111
23.343311
23.568254
24.085261
25.102948
25.313379
25.926531
26.155102
26.820862
27.054875
27.704308
27.949206
28.183220
28.420862
29.050340
29.307937
29.520181
29.710658
30.409070
30.632200
30.746485
30.849887
30.953288
31.087528
31.301587
31.501134
31.729705
31.947392
32.618594
32.836281
33.075737
33.302494
33.502041
33.632653
33.777778
33.890249
34.398186
34.650340
37.478458
37.728798
38.423583
38.643084
39.274376
39.497506
40.185034
40.402721
41.073923
41.329705
41.570975
41.962812
