0.162540
0.439365
1.097143
1.330794
3.735873
3.982222
4.657778
4.886349
7.347302
7.598730
8.226032
8.454603
9.102222
9.325714
9.760000
10.212063
10.892698
11.139048
11.349841
11.573333
11.794286
12.012698
12.226032
12.454603
12.647619
12.855873
13.066667
13.290159
13.493333
13.699048
13.927619
14.130794
14.331066
14.551655
14.762086
14.987029
15.188753
15.409342
15.608163
15.830204
16.015964
16.240907
16.460045
16.663220
16.866395
17.089887
17.303220
17.506395
17.738594
17.941769
18.166712
18.359728
18.574512
18.798005
18.995374
19.208707
19.423492
19.629569
19.853061
20.054785
20.285533
20.469841
20.704943
20.951655
21.606168
21.845624
22.086531
22.282449
23.334603
23.568254
23.797551
24.018141
25.055782
25.412789
25.942494
26.200816
26.835011
27.096236
27.701406
27.956825
29.918912
30.178685
30.468934
30.720000
30.911565
31.114739
31.330975
31.573333
33.950476
34.197188
34.822676
35.075193
35.712290
35.945941
36.156372
36.388571
37.259320
38.161995
39.071927
39.311383
39.955737
40.200998
40.867120
41.100771
41.945397
