0.171429
0.419048
0.642177
0.888889
1.109297
1.332426
1.542857
1.749660
1.981859
2.204082
2.407256
2.679365
2.855329
3.082086
3.324263
3.547392
3.772336
4.002721
4.215873
4.425397
4.636735
4.854422
5.103855
5.313379
5.541043
5.766893
6.009977
6.249433
6.478912
6.684807
6.906122
7.105669
7.351474
7.581859
7.805896
8.019048
8.214966
8.446259
8.673923
8.888889
9.081179
9.317007
9.550113
9.751474
9.888435
10.012698
10.078005
10.214966
10.450794
10.664853
10.902494
11.124717
11.353288
11.553741
11.776871
12.004535
12.211338
12.410884
12.609524
12.832653
13.049433
13.251701
13.487528
13.695238
13.927438
14.151474
14.375510
14.565079
14.773696
14.952381
15.183673
15.384127
15.600000
15.834921
16.020862
16.265760
16.463492
16.665760
16.880726
17.073923
17.300680
17.483900
17.701587
17.921088
18.136054
18.349206
18.559637
18.766440
18.998639
19.200907
19.402268
19.599093
19.832200
20.049887
20.208617
20.300227
20.397279
20.494331
20.727438
20.947846
21.149206
21.402268
22.061678
22.259410
22.485261
22.703855
22.901587
23.151020
23.764172
23.994558
24.203175
24.410884
24.606803
24.862585
25.319728
25.519274
25.750567
26.161451
26.382766
26.601361
27.056689
27.297959
27.531973
27.948299
28.613152
28.859864
29.096599
29.303401
29.521088
32.166893
32.386395
32.521542
32.643991
32.733787
32.829025
32.994104
33.076644
33.254422
33.342404
33.501134
33.698866
33.943764
34.156009
34.365533
34.587755
34.844444
35.026757
35.257143
35.478458
35.720635
36.129705
36.348299
36.549660
36.804535
37.026757
37.251701
37.946485
38.190476
38.613152
38.842630
39.075737
39.747846
39.980045
40.415420
40.647619
40.857143
41.585488
41.959184
44.170522
