0.221497
0.431565
1.079184
1.313741
1.978776
2.202993
2.404898
2.659048
2.848980
3.078095
3.305578
3.503673
3.752925
3.967347
4.628027
4.878367
5.539048
5.770340
5.987483
6.210612
6.457143
6.694422
6.900136
7.114558
7.344218
7.525442
8.192109
8.425034
9.093878
9.336054
9.735510
10.190476
10.915374
11.114558
11.341497
11.551565
11.769796
11.973333
12.195374
12.420136
12.629116
12.819592
13.048163
13.222313
13.484082
13.701224
13.908027
14.129524
14.349388
14.540952
14.763537
14.979592
15.190748
15.404626
15.609252
15.819864
16.004898
16.218776
16.398912
16.661769
16.875102
17.086803
17.297415
17.488435
17.711565
17.932517
18.160000
18.364082
18.559456
18.766259
18.990476
19.218503
19.421497
19.654422
19.851973
20.058776
20.265578
20.488707
20.708571
20.931156
21.157007
21.402993
22.077823
22.282449
22.499048
22.702585
22.896871
23.129796
23.825306
24.006531
24.200272
24.428299
24.637279
24.872925
25.300136
25.508027
25.736599
26.144762
26.381497
26.613878
27.094966
27.263673
27.499864
27.928707
29.048707
29.271293
29.508027
29.699592
30.370068
30.611156
30.720000
30.820136
30.938231
31.047619
31.269116
31.506939
32.179592
32.401088
32.511020
32.632925
32.735238
32.838639
33.050884
33.274558
33.497687
33.704490
33.951020
34.148027
34.374966
34.586667
34.826122
35.031837
35.713651
35.946032
36.151111
36.379683
36.591746
36.803810
37.480000
37.699683
38.377143
38.600635
39.267937
39.547302
40.092698
40.388571
41.059683
41.362540
41.600635
41.951927
