0.223492
0.441905
1.079728
1.320635
1.979138
2.204444
2.427937
2.651429
2.860771
3.083175
3.316825
3.509841
3.752925
3.974603
4.627302
4.871111
5.540136
5.835828
5.983492
6.214966
6.466032
6.741043
6.897778
7.360000
7.563175
8.203175
8.431746
9.102222
9.335873
9.747302
10.199365
10.920635
11.118367
11.346939
11.559184
11.777959
11.983673
12.199184
12.437551
12.630204
12.819592
13.057959
13.298866
13.485714
13.717551
13.913469
14.132245
14.347755
14.546939
14.772245
14.981224
15.200000
15.425306
15.608163
15.826939
16.018141
16.225306
16.469841
16.662857
16.875102
17.087347
17.289796
17.492245
17.701224
17.926531
18.178685
18.360816
18.560000
18.768980
18.987755
19.222857
19.422041
19.653878
19.876644
20.058776
20.271020
20.496327
20.711837
20.933878
21.168980
21.400816
22.102857
22.285714
22.541497
22.713469
22.902857
23.137959
23.797551
24.009796
24.243084
24.437551
24.636735
24.875102
25.328980
25.524898
25.737143
26.155102
26.383673
26.625306
27.263129
27.506939
29.030748
29.276735
29.703401
30.376054
30.615510
30.762812
30.849887
30.991383
31.042177
31.278005
31.521088
32.183220
32.415420
32.522449
32.643991
32.767347
32.854422
33.079365
33.277098
33.498413
33.708844
34.031746
34.153288
34.372789
34.581406
34.849887
35.043991
35.709751
35.947392
36.154195
36.377324
36.807256
37.492971
37.705215
38.390930
38.612245
39.288889
39.535601
40.099773
40.391837
41.061224
41.353288
41.596372
41.951927
