0.152381
0.429569
1.081905
1.320635
3.728254
3.970612
4.651247
4.876190
7.343311
7.590023
8.235828
8.513016
9.099320
9.331519
9.752381
10.205170
10.913379
11.192018
11.348753
11.557732
11.778322
12.001814
12.222404
12.440091
12.640363
12.831927
13.067029
13.287619
13.490794
13.699773
13.920363
14.175782
14.410884
14.590839
14.759184
15.000091
15.200363
15.420952
15.621224
15.833107
16.015964
16.253968
16.474558
16.683537
16.869297
17.095692
17.295964
17.516553
17.745850
17.940317
18.163810
18.364082
18.573061
18.787846
19.005533
19.217415
19.429297
19.623764
19.841451
20.053333
20.276825
20.497415
20.715102
20.970522
21.385578
21.609070
21.849977
22.282449
23.373787
23.605986
24.050068
25.077551
25.954104
26.836463
27.742041
29.704127
29.913107
30.174331
31.106032
31.689433
33.947574
34.824127
35.718095
35.961905
36.153469
36.391474
37.262222
38.185215
39.090794
39.967347
40.878730
41.955556
