0.170522
0.428118
1.119274
1.307937
3.740590
3.949206
4.618594
4.843537
7.307029
7.560998
8.239456
8.468027
9.077551
9.302494
9.737143
10.163810
10.886168
11.136871
11.346939
11.564626
11.767800
11.998186
12.203175
12.397279
12.624036
12.847891
13.053968
13.261497
13.505306
13.701587
13.924717
14.135147
14.351020
14.559637
14.782766
14.985941
15.183673
15.399546
15.602721
15.800454
16.034467
16.241270
16.458957
16.663946
16.881633
17.079365
17.291610
17.498413
17.717914
17.915646
18.131519
18.336508
18.559637
18.762812
18.993197
19.183673
19.401361
19.633560
19.836735
20.003628
20.259410
20.478912
20.692971
20.878005
21.619955
21.835102
22.298776
23.340408
23.565714
25.086259
25.923628
26.821950
27.698503
29.305034
29.708481
30.412336
30.634376
30.750113
30.869841
30.947846
31.089342
31.314286
31.535601
31.725714
31.950658
32.674830
32.829025
33.077551
33.304308
33.500227
33.558639
33.631202
33.671837
33.779229
33.880816
34.383673
34.644172
37.494422
37.720816
38.408707
38.606077
39.259138
39.491338
40.170522
40.379501
41.070295
41.334422
41.569524
41.961361
