0.162540
0.426667
0.672653
0.907755
1.108390
1.325714
1.521633
1.750204
1.982041
2.214966
2.454603
2.684082
2.857143
3.085714
3.318095
3.547937
3.768163
4.006531
4.212063
4.440635
4.631293
4.854422
5.102948
5.315193
5.540136
5.786848
6.015420
6.269388
6.488889
6.710204
7.350567
7.579138
7.813152
8.204989
8.448073
8.685714
9.082993
9.320635
9.545578
9.754195
9.918912
10.081088
10.213152
10.460952
10.673923
10.902494
11.144490
11.366893
11.571156
11.780136
12.007619
12.210068
12.410340
12.612789
12.833741
13.054694
13.275646
13.491156
13.695782
13.928707
14.152925
14.374966
14.560000
14.779864
14.976871
15.191293
15.393741
15.600544
15.831293
16.020680
16.256871
16.472381
16.674830
16.882721
17.082993
17.310476
17.484626
17.704490
17.931973
18.140952
18.347755
18.562177
18.768980
19.001905
19.209796
19.407891
19.611429
19.834558
20.053333
20.216327
20.335510
20.378776
20.495238
20.739048
20.953469
21.150204
21.401633
22.269388
22.497959
22.716735
22.911020
23.150204
24.008163
24.422857
24.621224
24.858776
25.755102
26.382041
26.618776
27.298776
27.538776
28.623673
28.864490
29.106939
29.314286
29.524082
29.725714
32.166531
32.393469
32.832653
33.258776
33.506939
33.722449
33.949388
34.156735
34.388571
34.610612
34.856054
35.029841
35.268571
35.486984
35.726803
36.153469
36.353016
36.571429
36.810159
37.053605
37.273469
37.482449
37.985306
38.194286
38.630748
38.850612
39.078095
39.982585
40.423401
40.659592
40.869660
41.590204
41.959184
44.212245
