0.162540
0.423764
1.120363
1.306122
3.744218
3.947392
4.614966
4.841361
7.302676
7.534875
8.243084
8.457868
9.073197
9.282177
9.734966
10.152925
10.884354
11.128163
11.348753
11.551927
11.749297
11.987302
12.196281
12.370431
12.596825
12.817415
13.043810
13.241179
13.484989
13.688163
13.902948
14.129342
14.332517
14.547302
14.773696
14.959456
15.174240
15.383220
15.609615
15.795374
16.004354
16.236553
16.468753
16.648707
16.875102
17.049252
17.275646
17.490431
17.711020
17.914195
18.123175
18.361179
18.564354
18.767528
18.988118
19.179683
19.394467
19.620862
19.812426
20.009796
20.241995
20.468390
20.706395
20.892154
21.623583
21.838367
22.070567
22.308571
23.324444
23.568254
23.823673
24.061678
25.071746
25.303946
25.913469
26.174694
26.813243
27.074467
27.697778
27.926349
28.185397
28.408889
29.033651
29.307937
29.531429
29.699048
30.415238
30.618413
30.740317
30.877460
30.958730
31.085714
31.304127
31.527619
31.705397
31.949206
32.599365
32.833016
33.081905
33.305397
33.523810
33.757460
34.387302
34.636190
37.480635
37.714286
38.400000
38.587937
39.268571
39.492063
40.172698
40.375873
41.081905
41.335873
41.589841
41.965714
