0.202449
0.437551
1.077551
1.319184
1.972245
2.194286
2.422857
2.651429
2.853878
3.088980
3.304490
3.500408
3.742041
3.964082
4.623673
4.865306
5.531429
5.760000
5.982041
6.217143
6.458776
6.661224
6.889796
7.118367
7.353469
7.562449
8.195918
8.411429
9.090612
9.325714
9.730612
10.174694
10.912653
11.102041
11.337143
11.546122
11.768163
11.970612
12.192653
12.427755
12.623673
12.819592
13.054694
13.224490
13.485714
13.714286
13.916735
14.132245
14.334694
14.537143
14.765714
14.987755
15.190204
15.418776
15.621224
15.823673
15.993469
16.222041
16.444082
16.646531
16.862041
17.090612
17.286531
17.475918
17.711020
17.926531
18.161633
18.364082
18.566531
18.755918
18.984490
19.206531
19.415510
19.637551
19.866122
20.062041
20.257959
20.480000
20.702041
20.930612
21.165714
21.400816
22.086531
22.288980
22.497959
22.706939
22.896327
23.124898
23.804082
24.006531
24.189388
24.437551
24.640000
24.881633
25.325714
25.534694
25.743673
26.155102
26.377143
26.612245
26.997551
27.278367
27.493878
27.918367
29.028571
29.270204
29.485714
29.694694
30.367347
30.608980
30.720000
30.850612
30.948571
31.033469
31.262041
31.516735
32.169796
32.404898
32.509388
32.607347
32.724898
32.835918
33.273469
33.488980
33.697959
33.920000
34.161633
34.364082
34.573061
34.788571
35.049796
35.696327
35.951020
36.127347
36.362449
36.571429
36.780408
37.485714
37.701224
38.380408
38.582857
39.262041
39.555918
40.169796
40.378776
41.077551
41.358367
41.586939
41.952653
