0.150930
0.417959
1.068118
1.335147
3.715193
3.982222
4.632381
4.864580
7.337506
7.581315
8.208254
8.452063
9.090612
9.334422
9.729161
10.170340
10.890159
11.099138
11.308118
11.517098
11.737687
11.981497
12.202086
12.411066
12.631655
12.829025
13.061224
13.235374
13.467574
13.676553
13.920363
14.130794
14.321633
14.511020
14.720000
14.896327
15.137959
15.360000
15.595102
15.849796
16.026122
16.208980
16.457143
16.692245
16.868571
17.103673
17.306122
17.534694
17.750204
17.939592
18.155102
18.364082
18.566531
18.801633
18.997551
19.213061
19.422041
19.617959
19.833469
20.048980
20.257959
20.480000
20.682449
20.937143
21.590204
21.825306
22.080000
22.288980
23.340408
23.568980
23.738776
23.993469
25.031837
25.299592
25.926531
26.194286
26.840816
27.102041
27.722449
27.931429
29.910204
30.164898
30.876735
31.079184
31.248980
31.477551
33.933061
34.174694
34.795102
35.095510
35.709388
35.931429
36.146939
36.382041
37.257143
38.164898
39.053061
39.954286
40.862041
41.946122
