0.166531
0.417959
0.653061
0.892517
1.097143
1.320635
1.549206
1.745125
1.973696
2.224036
2.446803
2.681179
2.850249
3.079546
3.314649
3.535238
3.761633
3.999637
4.205714
4.429206
4.632381
4.847166
5.105488
5.311565
5.535057
5.767256
5.999456
6.243265
6.417415
6.684444
6.890522
7.108209
7.334603
7.578413
7.817143
8.019592
8.196644
8.440454
8.683537
8.905578
9.077551
9.317007
9.543401
9.750204
9.891701
10.011429
10.088707
10.210612
10.457687
10.672109
10.906122
11.128163
11.367619
11.572245
11.777959
12.004354
12.216599
12.409252
12.612789
12.830476
13.052517
13.264762
13.488980
13.694694
13.927619
14.155465
14.383311
14.567619
14.782404
14.978322
15.193107
15.397732
15.600907
15.830204
16.018866
16.259773
16.481814
16.677732
16.883810
17.079728
17.300317
17.494785
17.703764
17.927256
18.136236
18.351020
18.560000
18.768980
19.008435
19.211610
19.410431
19.613605
19.832744
20.051882
20.201361
20.314558
20.404535
20.498866
20.739773
20.958912
21.173696
21.421859
22.067664
22.270839
22.492880
22.720726
22.923900
23.192381
23.769977
24.019592
24.208254
24.417234
24.634921
24.874376
25.350385
25.518730
25.755283
26.170340
26.390930
26.618776
27.042540
27.319728
27.535964
27.945215
28.643265
28.869660
29.103673
29.307755
29.521633
29.746939
32.189388
32.393469
32.526984
32.629478
32.729252
32.832653
33.047347
33.263673
33.506939
33.722449
33.946939
34.164082
34.389388
34.616327
34.853878
35.033469
35.273469
35.500408
35.717551
36.133878
36.384490
36.569796
36.817959
37.048980
37.274286
37.973061
38.191837
38.659592
38.856327
39.077551
39.747755
39.988571
40.452245
40.660408
40.870204
41.586122
41.964898
44.209796
