0.159637
0.439002
1.086984
1.321361
3.734785
3.979320
4.650522
4.872562
7.338231
7.585669
8.227846
8.499955
9.100045
9.329342
9.758912
10.150748
10.901769
11.125261
11.348753
11.551927
11.743492
12.006168
12.222404
12.406712
12.640363
12.818866
13.059773
13.245533
13.487891
13.701224
13.921814
14.162721
14.374603
14.576327
14.780952
15.000091
15.177143
15.410794
15.613968
15.844717
16.017415
16.248163
16.487619
16.708209
16.885261
17.102948
17.290159
17.503492
17.742948
17.940317
18.166712
18.359728
18.580317
18.792200
19.001179
19.204354
19.419138
19.623764
19.853061
20.060590
20.276825
20.501769
20.748481
20.945850
21.614875
21.845624
22.076372
22.276644
23.336054
23.568254
23.799002
24.002177
25.057234
25.309751
25.939592
26.202268
26.839365
27.087528
27.747846
27.966984
29.930522
30.174331
30.880000
31.106939
31.278367
31.488980
33.949388
34.184490
34.813061
35.097143
35.709388
35.918367
36.150204
36.370612
37.255510
38.158367
39.033469
39.955918
40.857143
41.920000
