0.208980
0.424490
1.071020
1.317007
1.972245
2.187755
2.427211
2.649252
2.877823
3.075918
3.308844
3.504762
3.733333
3.957551
4.623673
4.847891
5.537959
5.775238
5.975510
6.217143
6.439184
6.665578
6.896327
7.109660
7.344762
7.560272
8.189388
8.420136
9.090612
9.330068
9.745850
10.183401
10.899592
11.099864
11.334966
11.541769
11.765986
11.968435
12.183946
12.419048
12.625850
12.826122
13.043810
13.233197
13.477007
13.699048
13.897143
14.127891
14.336871
14.534966
14.754830
14.961633
15.194558
15.407891
15.603810
15.819320
16.000000
16.208980
16.431020
16.657415
16.868571
17.088435
17.277823
17.478095
17.704490
17.930884
18.146395
18.355374
18.538231
18.758095
18.971429
19.197823
19.417687
19.644082
19.850884
20.051156
20.257959
20.477823
20.704218
20.928435
21.152653
21.396463
22.099592
22.260680
22.500136
22.689524
22.891973
23.131429
23.830204
23.993469
24.219864
24.420136
24.626939
24.872925
25.323537
25.517279
25.730612
26.161633
26.377143
26.610068
27.121633
27.263129
27.493878
27.951020
29.024218
29.261497
29.466122
29.679456
30.360816
30.604626
30.750476
30.846259
30.950748
31.035646
31.253333
31.512381
32.161088
32.413605
32.515918
32.629116
32.731429
32.835918
32.995556
33.264762
33.484626
33.684898
33.943946
34.133333
34.366259
34.577415
34.797279
35.038912
35.691973
35.944490
36.131701
36.358095
36.517007
36.797823
37.479184
37.707755
38.332517
38.608980
39.253333
39.518912
40.087075
40.396190
41.057959
41.362721
41.593469
41.948299
