0.134966
0.422313
0.644354
0.875102
1.079728
1.314830
1.549932
1.719728
1.976599
2.185578
2.416327
2.660136
2.838639
3.086803
3.304490
3.513469
3.748571
3.988027
4.205714
4.427755
4.623673
4.845714
5.106939
5.302857
5.524898
5.764354
5.995102
6.230204
6.439184
6.691701
6.909388
7.087891
7.331701
7.558095
7.806259
8.015238
8.206803
8.433197
8.698776
8.912109
9.077551
9.308299
9.543401
9.748027
9.896054
10.013605
10.083265
10.209524
10.457687
10.649252
10.895964
11.107846
11.342948
11.549025
11.758005
11.990204
12.199184
12.402358
12.599728
12.817415
13.035102
13.258594
13.476281
13.691066
13.923265
14.135147
14.355737
14.541497
14.764989
14.944943
15.180045
15.377415
15.580590
15.815692
16.015964
16.239456
16.468753
16.666122
16.866395
17.078277
17.290159
17.478821
17.705215
17.920000
18.120272
18.346667
18.549841
18.747211
18.996825
19.188390
19.397370
19.603447
19.815329
20.033016
20.199365
20.314921
20.402540
20.496508
20.733968
20.932063
21.146667
21.393016
22.067302
22.259048
22.469841
22.700952
22.893968
23.142857
23.763810
23.987302
24.194286
24.406349
24.619683
24.849524
25.311746
25.511111
25.749841
26.163810
26.358095
26.585397
27.078095
27.287619
27.502222
27.953016
28.608254
28.853333
29.097143
29.287619
29.517460
29.719365
32.156190
32.377143
32.530794
32.634921
32.712381
32.820317
33.075556
33.236825
33.479365
33.682540
33.941587
34.143492
34.364444
34.590476
34.850794
35.028571
35.254603
35.479365
36.140952
36.347937
36.556190
36.805079
37.023492
37.249524
37.979683
38.189206
38.622222
38.836825
39.061587
39.747302
39.978413
40.417778
40.633651
40.827937
41.584762
41.913651
44.165079
