0.164082
0.426122
1.120000
1.305306
3.736599
3.942313
4.610612
4.843537
7.308844
7.552653
8.232925
8.447347
9.065578
9.296327
9.738231
10.154014
10.863673
11.115102
11.351293
11.549388
11.761633
11.986939
12.191565
12.385306
12.612789
12.825034
13.042721
13.237551
13.470476
13.688163
13.911293
14.124626
14.327075
14.551293
14.776599
14.967075
15.179320
15.382857
15.599456
15.800816
16.001088
16.228571
16.453878
16.648707
16.865306
17.074286
17.278912
17.492245
17.711020
17.905850
18.127891
18.333061
18.560000
18.757551
18.997551
19.186939
19.394286
19.629388
19.826939
20.001633
20.251429
20.466939
20.693878
20.889796
21.617959
21.830204
22.047347
22.287347
23.328980
23.560816
23.810612
24.088163
25.077551
25.280000
25.923265
26.124082
26.819592
27.035102
27.701224
27.880816
28.208980
28.429932
29.046531
29.291429
29.516735
29.706122
30.411429
30.631837
30.752653
30.852245
30.942041
31.085714
31.304490
31.503673
31.714286
31.937959
32.595918
32.824490
33.069388
33.301224
33.502041
33.753469
34.380408
34.582857
37.474286
37.701224
38.398367
38.599184
39.248980
39.482449
40.171429
40.382041
41.072653
41.322449
41.565714
41.960816
