0.169161
0.426667
1.120363
1.305397
3.733333
3.942313
4.612789
4.847891
7.305578
7.560272
8.235102
8.448435
9.066667
9.297415
9.736417
10.155828
10.878549
11.120907
11.345850
11.537415
11.762358
11.978594
12.194830
12.390748
12.605533
12.829025
13.042358
13.236825
13.486440
13.685261
13.910204
14.123537
14.325261
14.550204
14.778050
14.960907
15.175692
15.381769
15.598005
15.799728
16.026122
16.235102
16.464399
16.655964
16.867846
17.073923
17.284354
17.490431
17.709569
17.912744
18.130431
18.339410
18.564354
18.761723
18.999728
19.179683
19.395918
19.632472
19.834195
19.999637
20.255057
20.478549
20.697687
20.912472
21.620680
21.842721
22.072653
22.314376
23.337506
23.569705
23.803356
24.064580
25.085714
25.271111
25.931429
26.149841
26.825397
27.056508
27.700317
27.916190
28.187937
28.417778
29.050159
29.300317
29.523810
29.707937
30.420317
30.629841
30.754286
30.850794
30.949841
31.089524
31.305397
31.502222
31.726984
31.951746
32.600816
32.834286
33.064490
33.302041
33.503673
33.770612
34.382041
34.587755
37.500952
37.732063
38.417778
38.615873
39.260952
39.476825
40.180317
40.391111
41.076825
41.335873
41.577143
41.970794
