0.153469
0.435918
1.091701
1.327891
3.728254
3.987302
4.647619
4.881270
7.347302
7.586032
8.228571
8.485079
9.097143
9.323175
9.757460
10.206984
10.889796
11.141950
11.352381
11.551927
11.791383
11.994558
12.223129
12.440816
12.647619
12.843537
13.064853
13.278912
13.489342
13.699773
13.935601
14.148571
14.344490
14.546939
14.768980
14.994286
15.173878
15.423855
15.641542
15.837460
16.026122
16.240907
16.476009
16.666122
16.876553
17.097143
17.306122
17.513651
17.734240
17.943220
18.165261
18.361179
18.590476
18.798005
18.989569
19.203265
19.425306
19.632472
19.850159
20.059138
20.285533
20.509025
20.735420
20.956009
21.611973
21.847075
22.076372
22.273741
23.336054
23.574059
23.780136
23.994921
25.045624
25.303946
25.983129
26.189206
26.839365
27.078095
27.715556
27.936508
29.914921
30.179048
30.863673
31.120544
31.338231
31.558095
33.943946
34.174694
34.823401
35.075193
35.707937
35.932880
36.156372
36.395828
37.262222
38.159093
39.090794
39.959365
40.863492
41.925079
