0.223492
0.436825
1.074286
1.318095
1.986032
2.199365
2.433016
2.661587
2.849524
3.080635
3.325714
3.510204
3.756735
3.977143
4.631837
4.873469
5.542857
5.768707
5.986395
6.219683
6.463492
6.676825
6.907937
7.126349
7.347302
7.565714
8.203175
8.462222
9.089524
9.333333
9.744762
10.194286
10.918095
11.116190
11.344762
11.547937
11.771429
11.984762
12.208254
12.429206
12.634921
12.825397
13.059048
13.272381
13.490794
13.711746
13.909841
14.135873
14.351746
14.539683
14.765714
14.981587
15.200000
15.418413
15.619048
15.829841
16.020317
16.233651
16.429206
16.665397
16.871111
17.081905
17.290159
17.495873
17.714286
17.947937
18.168889
18.374603
18.565079
18.768254
18.989206
19.215238
19.428571
19.652063
19.857778
20.091429
20.276825
20.497778
20.723810
20.932063
21.168254
21.417143
22.095238
22.290794
22.496508
22.714921
22.910476
23.141587
23.796825
24.007619
24.223492
24.441905
24.640000
24.881270
25.346032
25.523810
25.739683
26.156190
26.389841
26.636190
27.004807
27.280544
27.535964
27.919093
29.039456
29.274558
29.486440
29.701224
30.377506
30.618413
30.751927
30.856417
30.962358
31.045079
31.262766
31.509478
32.192290
32.431020
32.516644
32.641451
32.760454
32.857687
33.072472
33.280000
33.504943
33.712472
33.949025
34.153651
34.384399
34.606440
34.857506
35.057778
35.718095
35.945941
36.156372
36.381315
36.599002
36.812336
37.501678
37.710658
38.397098
38.640907
39.299773
39.539229
40.097959
40.402721
41.075374
41.364898
41.604354
41.950476
