0.167619
0.421587
0.657415
0.899048
1.103673
1.340952
1.545578
1.745850
1.987483
2.233469
2.459864
2.684082
2.856054
3.080272
3.337143
3.548299
3.776871
4.003265
4.212245
4.445170
4.638912
4.858776
5.104762
5.320272
5.544490
5.773061
6.014694
6.254150
6.476190
6.706939
6.907211
7.133605
7.349116
7.582041
7.814966
8.017415
8.206803
8.450612
8.685714
8.888163
9.081905
9.321361
9.552109
9.761088
9.892245
10.019592
10.097959
10.215510
10.455510
10.667755
10.901224
11.111837
11.364898
11.568980
11.779592
12.003265
12.236735
12.413061
12.610612
12.837551
13.048163
13.276735
13.488980
13.693061
13.934694
14.151837
14.372245
14.563265
14.790204
14.977959
15.195102
15.399184
15.606531
15.835102
16.024490
16.253061
16.480000
16.674286
16.886531
17.085714
17.293061
17.485714
17.709388
17.936327
18.146939
18.349388
18.558367
18.782041
19.000816
19.211429
19.413878
19.616327
19.836735
20.055510
20.204082
20.333061
20.404535
20.496327
20.737959
20.960000
21.157551
21.407347
22.068571
22.266122
22.484898
22.706939
22.902857
23.155918
23.781224
23.995102
24.213878
24.422857
24.628571
24.866939
25.328980
25.539592
25.751837
26.179592
26.388571
26.607347
27.049796
27.296327
27.546122
27.970612
28.623673
28.873469
29.105306
29.301224
29.523265
29.725714
32.164898
32.390204
32.522449
32.649796
32.734694
32.834286
33.077551
33.242449
33.503673
33.714286
33.946122
34.151837
34.385306
34.617143
34.844082
35.038367
35.260408
35.485714
36.142041
36.355918
36.563265
36.813061
37.028571
37.273469
37.955918
38.191020
38.628571
38.845714
39.085714
39.746939
39.982041
40.434286
40.659592
40.878367
41.583673
41.951020
44.191020
