0.177052
0.432472
0.675556
0.891429
1.118730
1.335873
1.542857
1.743492
2.001270
2.236190
2.449524
2.669206
2.857143
3.075556
3.323175
3.559365
3.763810
4.000000
4.205714
4.431746
4.638730
4.841905
5.095873
5.316825
5.528889
5.782857
6.002540
6.261587
6.467302
6.670476
6.910476
7.108571
7.340952
7.572063
7.812063
8.038095
8.198095
8.434286
8.664127
8.893968
9.074286
9.311746
9.558095
9.753651
9.883175
9.998730
10.100317
10.220952
10.450794
10.653968
10.897778
11.116190
11.348571
11.551746
11.751111
12.005079
12.218413
12.413968
12.596825
12.830476
13.050159
13.272381
13.485714
13.688889
13.939048
14.143492
14.369524
14.539683
14.766984
14.975238
15.184762
15.396825
15.607619
15.820952
16.020317
16.234921
16.476190
16.665397
16.873651
17.078095
17.300317
17.489524
17.702857
17.907302
18.129524
18.347937
18.548571
18.768254
19.003175
19.194921
19.391746
19.605079
19.834921
20.034286
20.173968
20.340317
20.422857
20.496508
20.733968
20.930794
21.146667
21.398095
22.067302
22.261587
22.485079
22.688254
22.901587
23.151746
23.770159
23.996190
24.212063
24.416508
24.626032
24.868571
25.338413
25.542857
25.742222
26.186667
26.370794
26.590476
27.080635
27.299048
27.523810
27.986032
28.615873
28.852063
29.106032
29.291429
29.517460
29.730794
32.160000
32.382222
32.526984
32.633651
32.745397
32.821587
33.000635
33.102222
33.250794
33.506032
33.721905
33.945397
34.157460
34.378413
34.604444
34.862222
35.031111
35.255873
35.484444
35.719365
36.140952
36.361905
36.563810
36.807619
37.031111
37.260952
37.966984
38.246349
38.629841
38.844444
39.059048
39.351111
39.742222
39.973333
40.446984
40.662857
40.846984
41.587302
41.918730
44.138413
