0.238730
0.424127
1.069206
1.295238
1.978413
2.201905
2.438095
2.646349
2.854603
3.075556
3.299048
3.512381
3.733333
3.964444
4.614603
4.866032
5.533968
5.780317
5.986032
6.214603
6.448254
6.684444
6.902857
7.118730
7.342222
7.542857
8.187937
8.421587
9.076825
9.325714
9.742222
10.186667
10.920635
11.131429
11.342222
11.558095
11.768889
11.964444
12.190476
12.413968
12.612063
12.825397
13.043810
13.239365
13.483175
13.706667
13.897143
14.115556
14.341587
14.534603
14.750476
14.966349
15.189841
15.410794
15.608889
15.817143
16.017778
16.215873
16.403810
16.640000
16.868571
17.076825
17.290159
17.488254
17.696508
17.935238
18.156190
18.369524
18.562540
18.763175
18.979048
19.207619
19.420952
19.649524
19.883175
20.066032
20.259048
20.485079
20.706032
20.926984
21.155556
21.381587
22.100317
22.267937
22.496508
22.702222
22.895238
23.116190
23.806984
24.002540
24.210794
24.431746
24.642540
24.860952
25.335873
25.533968
25.734603
26.140952
26.382222
26.618413
27.095873
27.255873
27.499683
27.964444
29.043810
29.287619
29.488254
29.691429
30.361905
30.593016
30.742857
30.862222
30.986667
31.045079
31.260952
31.512381
32.172698
32.408889
32.513016
32.612063
32.736508
32.833016
33.079365
33.277460
33.485714
33.693968
33.947937
34.158730
34.359365
34.572698
34.801270
35.027302
35.707937
35.939048
36.147302
36.370794
36.609524
36.810159
37.490794
37.688889
38.374603
38.593016
39.260952
39.525079
40.081270
40.378413
41.056508
41.340952
41.592381
41.945397
