0.192290
0.448073
1.142857
1.349660
3.755102
3.970975
4.649433
4.861678
7.341497
7.608163
8.219501
8.466213
9.112018
9.318821
9.772336
10.191383
10.884354
11.152834
11.372336
11.570068
11.771429
12.001814
12.199546
12.402721
12.625850
12.843537
13.066667
13.257143
13.482086
13.710658
13.930159
14.151474
14.340136
14.548753
14.759184
14.984127
15.185488
15.399546
15.599093
15.787755
16.003628
16.243084
16.457143
16.663946
16.847166
17.061224
17.307937
17.512925
17.723356
17.933787
18.133333
18.347392
18.570522
18.791837
19.004082
19.200000
19.410431
19.640816
19.854875
20.061678
20.275737
20.486168
20.685714
20.921542
21.623583
21.855782
22.064399
22.282086
23.345125
23.568254
23.784127
24.070748
25.092063
25.297052
25.939592
26.142041
26.829932
27.032381
27.713741
27.898776
28.216599
28.395102
29.041633
29.302857
29.518367
29.729524
30.430476
30.650340
30.728707
30.802721
30.922449
31.049796
31.293605
31.545034
31.731156
31.980408
32.625850
32.818503
33.062313
33.283265
33.506395
34.386939
34.606803
37.511837
37.742585
38.434830
38.626395
39.273651
39.486984
40.172698
40.411429
41.071746
41.330794
41.579683
41.970794
