0.177778
0.464399
1.102948
1.306122
3.773243
3.987302
4.673016
4.868934
7.379592
7.615420
8.217687
8.471655
9.117460
9.331519
9.766893
10.191383
10.884354
11.154286
11.363265
11.560635
11.755102
12.007619
12.231111
12.440091
12.643265
12.805805
13.067029
13.258594
13.467574
13.702676
13.926168
14.149660
14.358639
14.576327
14.794014
14.979773
15.217778
15.438367
15.632834
15.844717
16.018866
16.236553
16.462948
16.669025
16.875102
17.086984
17.287256
17.504943
17.705215
17.946122
18.160907
18.343764
18.578866
18.767528
19.005533
19.223220
19.435102
19.626667
19.850159
20.064943
20.282630
20.491610
20.718005
20.957460
21.622857
21.838730
22.077460
22.283175
23.334603
23.553016
23.799365
23.974603
25.048889
25.285079
25.973333
26.184127
26.839365
27.100952
27.740952
27.989841
29.920000
30.138413
30.834286
31.103492
31.332063
31.570794
33.940317
34.189206
34.844444
35.075556
35.723175
35.931429
36.154921
36.386032
37.244444
38.204444
39.095873
39.979683
40.876190
41.963175
