0.174150
0.413605
0.660317
0.914286
1.117460
1.313379
1.552834
1.734240
2.002721
2.234921
2.459864
2.692063
2.866213
3.091156
3.316100
3.555556
3.773243
4.012698
4.223129
4.448073
4.651247
4.868934
5.122902
5.333333
5.543764
5.768707
6.022676
6.262132
6.465306
6.704762
6.929705
7.147392
7.350567
7.590023
7.800454
8.018141
8.214059
8.475283
8.700227
8.888889
9.084807
9.331519
9.556463
9.752381
9.904762
10.013605
10.115193
10.224036
10.456236
10.652154
10.898866
11.109297
11.341497
11.551927
11.791383
12.001814
12.204989
12.393651
12.633107
12.836281
13.061224
13.271655
13.482086
13.699773
13.931973
14.156916
14.381859
14.570522
14.773696
14.955102
15.172789
15.375964
15.600907
15.833107
16.029025
16.261224
16.486168
16.689342
16.870748
17.081179
17.298866
17.473016
17.683447
17.922902
18.133333
18.365533
18.561451
18.771882
18.975057
19.192744
19.439456
19.606349
19.845805
20.063492
20.215873
20.339229
20.477098
20.738322
20.956009
21.151927
21.398639
22.073469
22.291156
22.479819
22.712018
22.900680
23.161905
23.778685
24.018141
24.214059
24.424490
24.642177
24.874376
25.353288
25.534694
25.752381
26.195011
26.390930
26.615873
27.073016
27.297959
27.559184
27.943764
28.654875
28.872562
29.104762
29.315193
29.511111
29.728798
32.181406
32.406349
32.660317
32.841723
33.102948
33.277098
33.719728
33.973696
34.162358
34.380045
34.619501
34.873469
35.040363
35.279819
35.497506
35.722449
36.128798
36.390023
36.593197
36.839909
37.014059
37.275283
37.979138
38.196825
38.675737
38.857143
39.089342
39.742404
40.018141
40.453515
40.685714
40.910658
41.621769
41.999093
44.255782
