0.243810
0.464399
1.102948
1.335147
1.985306
2.217506
2.449705
2.705125
2.890884
3.111474
3.320454
3.506213
3.761633
3.970612
4.643991
4.876190
5.549569
5.770159
6.013968
6.211338
6.466757
6.722177
6.907937
7.116916
7.337506
7.581315
8.219864
8.452063
9.125442
9.346032
9.752381
10.193560
10.936599
11.122358
11.354558
11.563537
11.760907
11.969887
12.213696
12.445896
12.654875
12.840635
13.072834
13.293424
13.490794
13.722993
13.920363
14.140952
14.349932
14.547302
14.779501
15.000091
15.220680
15.429660
15.592200
15.812789
15.998549
16.219138
16.451338
16.660317
16.880907
17.078277
17.298866
17.484626
17.705215
17.949025
18.158005
18.366984
18.575964
18.750113
19.005533
19.226122
19.411882
19.644082
19.876281
20.073651
20.247800
20.491610
20.712200
20.921179
21.153379
21.408798
22.117007
22.314376
22.523356
22.709116
22.918095
23.138685
23.812063
24.021043
24.206803
24.427392
24.659592
24.880181
25.332971
25.553560
25.785760
26.180499
26.366259
26.633288
26.981587
27.271837
27.550476
27.910385
29.048163
29.303583
29.477732
29.709932
30.383311
30.627120
30.754830
30.859320
30.975420
31.091519
31.288889
31.555918
32.194467
32.426667
32.531156
32.635646
32.740136
32.879456
33.088435
33.285805
33.506395
33.726984
33.947574
34.156553
34.377143
34.609342
34.806712
35.038912
35.712290
35.932880
36.141859
36.397279
36.583039
36.826848
37.511837
37.720816
38.382585
38.603175
39.288163
39.578413
40.089252
40.379501
41.076100
41.377959
41.586939
41.946848
