0.166893
0.435374
1.124717
1.298866
3.744218
3.954649
4.629478
4.854422
7.321542
7.582766
8.243084
8.475283
9.084807
9.317007
9.745125
10.158730
10.906122
11.131066
11.356009
11.580952
11.784127
12.001814
12.204989
12.408163
12.633107
12.850794
13.046712
13.242630
13.496599
13.678005
13.917460
14.113379
14.338322
14.526984
14.773696
14.991383
15.187302
15.404989
15.600907
15.796825
16.021769
16.232200
16.464399
16.653061
16.856236
17.081179
17.306122
17.494785
17.719728
17.901134
18.140590
18.343764
18.575964
18.771882
18.982313
19.192744
19.403175
19.635374
19.853061
20.070748
20.266667
20.477098
20.702041
20.926984
21.122902
21.609070
21.826757
22.080726
22.298413
23.343311
23.575510
23.814966
24.076190
25.106576
25.287982
25.933787
26.151474
26.833560
27.073016
27.689796
27.951020
28.190476
28.429932
29.046712
29.329705
29.525624
29.714286
30.403628
30.621315
30.737415
30.860771
30.955102
31.100227
31.296145
31.492063
31.724263
31.927438
32.595011
32.856236
33.088435
33.291610
33.494785
33.785034
34.394558
34.597732
37.485714
37.717914
38.407256
38.610431
39.263492
39.488435
40.170522
40.388209
41.084807
41.353288
41.570975
41.977324
