0.174150
0.464399
1.091338
1.346757
3.750023
3.993832
4.678821
4.887800
7.349116
7.592925
8.243084
8.498503
9.090612
9.357642
9.775601
10.228390
10.919184
11.157188
11.389388
11.615782
11.818957
12.027937
12.225306
12.445896
12.666485
12.910295
13.107664
13.328254
13.502404
13.699773
13.931973
14.140952
14.361542
14.582132
14.825941
15.034921
15.243900
15.429660
15.673469
15.917279
16.056599
16.253968
16.486168
16.706757
16.927347
17.113107
17.345306
17.531066
17.751655
17.925805
18.169615
18.390204
18.610794
18.784943
18.993923
19.202902
19.423492
19.620862
19.841451
20.050431
20.294240
20.503220
20.712200
20.979229
21.640998
21.838367
22.082177
22.337596
23.336054
23.556644
23.812063
24.021043
25.065941
25.321361
25.983129
26.215329
26.830658
27.109297
27.724626
28.003265
29.907302
30.197551
30.917370
31.126349
31.323719
31.555918
33.947574
34.191383
34.818322
35.108571
35.723900
35.967710
36.165079
36.385669
37.244807
38.185215
39.067574
39.973152
40.890340
41.958458
