0.116100
0.417959
1.114558
1.300317
3.668753
3.900952
4.597551
4.829751
7.291066
7.500045
8.241633
8.476735
9.077551
9.325714
9.730612
10.148571
10.880000
11.154286
11.406803
11.615782
11.807347
12.025034
12.207891
12.451701
12.669388
12.860952
13.087347
13.252789
13.487891
13.722993
13.940680
14.167075
14.393469
14.611156
14.811429
15.002993
15.211973
15.429660
15.603810
15.812789
16.056599
16.265578
16.483265
16.657415
16.883810
17.092789
17.284354
17.475918
17.702313
17.911293
18.137687
18.329252
18.512109
18.738503
18.938776
19.217415
19.426395
19.644082
19.835646
20.079456
20.305850
20.497415
20.697687
20.924082
21.124354
21.611973
21.829660
22.064762
22.282449
23.370884
23.588571
23.832381
24.067483
25.086259
25.312653
25.974422
26.157279
26.836463
27.062857
27.724626
27.942313
28.525714
29.030748
29.300680
29.527075
29.779592
30.467483
30.632925
30.763537
30.841905
30.928980
31.059592
31.320816
31.547211
31.756190
31.939048
32.609524
32.818503
33.071020
33.297415
33.549932
33.724082
34.429388
34.638367
37.494422
37.781769
38.426122
38.626395
39.262041
39.549388
40.176327
40.428844
41.073197
41.343129
41.560816
41.952653
