0.169796
0.417959
0.626939
0.901224
1.123265
1.345306
1.423673
1.580408
1.737143
1.972245
2.207347
2.403265
2.612245
2.821224
3.043265
3.265306
3.552653
3.761633
3.944490
4.166531
4.440816
4.688980
4.845714
5.067755
5.302857
5.537959
5.760000
5.995102
6.243265
6.491429
6.726531
6.896327
7.092245
7.340408
7.588571
7.797551
7.993469
8.189388
8.398367
8.633469
8.881633
9.103673
9.299592
9.560816
9.795918
9.887347
9.991837
10.083265
10.174694
10.488163
10.644898
10.906122
11.181859
11.406803
11.602721
11.798639
11.958277
12.190476
12.408163
12.647619
12.814512
12.988662
13.206349
13.286168
13.532880
13.699773
13.888435
14.156916
14.360091
14.585034
14.744671
14.976871
15.180045
15.390476
15.586395
15.767800
16.043537
16.217687
16.406349
16.674830
16.907029
17.102948
17.291610
17.480272
17.726984
17.966440
18.191383
18.336508
18.561451
18.721088
18.975057
19.214512
19.432200
19.620862
19.802268
20.041723
20.230385
20.302948
20.404535
20.564172
20.781859
20.985034
21.151927
21.413152
22.051701
22.247619
22.494331
22.733787
22.958730
23.205442
23.778685
23.981859
24.206803
24.439002
24.671202
24.903401
25.309751
25.570975
25.774150
26.216780
26.434467
26.659410
27.065760
27.341497
27.588209
27.994558
28.640363
28.894331
29.097506
29.315193
29.540136
32.210431
32.435374
32.551474
32.638549
32.776417
32.863492
33.124717
33.313379
33.552834
33.756009
33.944671
34.147846
34.372789
34.597732
34.844444
35.083900
35.279819
35.526531
36.121542
36.382766
36.556916
36.796372
37.093878
37.239002
37.957370
38.196825
38.610431
38.886168
39.111111
39.764172
40.003628
40.417234
40.700227
40.917914
41.578231
41.977324
44.241270
