0.185760
0.464399
1.044898
1.207438
3.691973
3.970612
4.527891
4.829751
7.291066
7.616145
8.150204
8.405624
9.102222
9.258957
9.650794
10.129705
10.869841
11.145578
11.377778
11.624490
11.842177
12.045351
12.263039
12.480726
12.669388
12.872562
13.075737
13.235374
13.395011
13.656236
13.844898
14.193197
14.381859
14.599546
14.831746
15.034921
15.194558
15.455782
15.673469
15.847619
16.021769
16.239456
16.457143
16.689342
16.921542
17.124717
17.313379
17.473016
17.690703
17.922902
18.155102
18.372789
18.532426
18.750113
18.967800
19.156463
19.417687
19.620862
19.795011
19.998186
20.259410
20.506122
20.723810
20.941497
21.667120
21.870295
22.058957
22.305669
23.379592
23.626304
23.771429
24.047166
25.034014
25.324263
25.933787
26.195011
26.891610
27.123810
27.718821
27.965533
29.953741
30.171429
30.926077
31.143764
31.390476
31.622676
33.944671
34.133333
34.467120
34.829932
35.033107
35.715193
35.918367
36.150567
36.397279
37.297052
38.196825
39.111111
39.952834
40.881633
41.941043
