0.275737
0.464399
1.102948
1.291610
1.988209
2.220408
2.380045
2.641270
2.844444
3.033107
3.323356
3.526531
3.715193
3.976417
4.600454
4.847166
5.543764
5.732426
6.022676
6.254875
6.458050
6.661224
6.878912
7.096599
7.357823
7.604535
8.170522
8.417234
9.084807
9.317007
9.737868
10.202268
10.913379
11.160091
11.377778
11.528707
11.749297
11.981497
12.213696
12.434286
12.643265
12.782585
12.991565
13.212154
13.514014
13.757823
13.943583
14.129342
14.361542
14.570522
14.756281
14.988481
15.174240
15.360000
15.650249
15.870839
16.091429
16.253968
16.439728
16.613878
16.834467
17.031837
17.229206
17.496236
17.705215
17.937415
18.158005
18.366984
18.564354
18.773333
19.005533
19.237732
19.423492
19.690522
19.899501
20.085261
20.305850
20.514830
20.700590
20.909569
21.153379
21.397188
22.128617
22.314376
22.534966
22.720726
22.929705
23.127075
23.788844
24.055873
24.218413
24.462222
24.682812
24.891791
25.274921
25.507120
25.727710
26.157279
26.377868
26.621678
27.074467
27.283447
27.527256
27.910385
29.001723
29.326803
29.500952
29.721542
30.360091
30.603900
30.720000
30.824490
30.963810
31.091519
31.230839
31.497868
32.206077
32.461497
32.565986
32.629841
32.711111
32.822857
33.076825
33.310476
33.523810
33.747302
33.920000
34.163810
34.377143
34.570159
34.773333
35.006984
35.697778
35.931429
36.195556
36.388571
36.601905
36.835556
37.506032
37.699048
38.420317
38.643810
39.293968
39.558095
40.116825
40.198095
40.411429
41.081905
41.376508
41.620317
41.955556
