0.221315
0.439002
1.083900
1.315193
1.987302
2.204989
2.403628
2.638549
2.883447
3.076644
3.321542
3.513832
3.756916
3.976417
4.633107
4.868934
5.543764
5.775964
5.995465
6.205896
6.467120
6.659410
6.907937
7.125624
7.350567
7.535601
8.203175
8.433560
9.088435
9.329705
9.748753
10.191383
10.917007
11.118367
11.343311
11.557370
11.769615
11.981859
12.201361
12.429932
12.634921
12.823583
13.057596
13.266213
13.485714
13.712472
13.912018
14.135147
14.345578
14.545125
14.764626
14.982313
15.187302
15.421315
15.617234
15.827664
16.009070
16.232200
16.440816
16.663946
16.870748
17.088435
17.293424
17.489342
17.708844
17.937415
18.160544
18.365533
18.561451
18.771882
18.996825
19.219955
19.434014
19.651701
19.858503
20.063492
20.268481
20.491610
20.714739
20.937868
21.159184
21.405896
22.091610
22.285714
22.503401
22.708390
22.904308
23.140136
23.791383
24.010884
24.201361
24.428118
24.636735
24.876190
25.331519
25.514739
25.741497
26.158730
26.381859
26.619501
27.065760
27.259864
27.510204
27.871202
29.034014
29.277098
29.498413
29.712472
30.380045
30.621315
30.717460
30.851701
30.980499
31.042177
31.268934
31.517460
32.183220
32.422676
32.518821
32.611338
32.734694
32.850794
33.073923
33.280726
33.498413
33.712472
33.953741
34.160544
34.376417
34.585034
34.811791
35.047619
35.709751
35.918367
36.157823
36.380952
36.600454
36.805442
37.489342
37.703401
38.385488
38.604989
39.272562
39.531973
40.090703
40.183220
40.409977
41.068481
41.365986
41.600000
41.948299
