0.173061
0.431020
1.123265
1.306122
3.742041
3.941224
4.613878
4.845714
7.311020
7.555918
8.238367
8.453878
9.074286
9.302857
9.740408
10.161633
10.883265
11.128163
11.353469
11.549388
11.768163
11.990204
12.199184
12.391837
12.613878
12.835918
13.048163
13.244082
13.472653
13.694694
13.916735
14.125714
14.334694
14.556735
14.788571
14.987755
15.193469
15.392653
15.601633
15.804082
16.029388
16.241633
16.457143
16.659592
16.871837
17.077551
17.296327
17.498776
17.717551
17.913469
18.128980
18.337959
18.569796
18.762449
18.974694
19.193469
19.399184
19.624490
19.830204
20.006531
20.254694
20.480000
20.695510
20.894694
21.626122
21.831837
22.066939
22.298776
23.343673
23.562449
23.807347
24.052245
25.087347
25.283265
25.923265
26.145306
26.814694
27.056327
27.702857
27.898776
28.208980
28.427755
29.074286
29.306122
29.528163
29.714286
30.413061
30.635102
30.749388
30.857143
30.951837
31.095510
31.314286
31.497143
31.719184
31.954286
32.617143
32.832653
33.067755
33.276735
33.502041
33.763265
34.383673
34.599184
37.488980
37.727347
38.416327
38.605714
39.268571
39.467755
40.176327
40.382041
41.071020
41.332245
41.570612
41.962449
