0.162540
0.442630
1.088435
1.335147
3.736961
3.976417
4.643991
4.883447
7.343311
7.604535
8.221315
8.489796
9.099320
9.331519
9.759637
10.195011
10.862585
11.131066
11.348753
11.559184
11.791383
12.001814
12.219501
12.437188
12.647619
12.843537
13.046712
13.213605
13.489342
13.692517
13.917460
14.164172
14.352834
14.585034
14.788209
14.998639
15.180045
15.404989
15.622676
15.804082
16.014512
16.246712
16.471655
16.689342
16.885261
17.102948
17.298866
17.516553
17.734240
17.944671
18.162358
18.365533
18.583220
18.793651
18.989569
19.207256
19.432200
19.628118
19.845805
20.056236
20.281179
20.498866
20.731066
20.956009
21.609070
21.841270
22.080726
22.276644
23.328798
23.568254
23.800454
24.003628
25.048526
25.309751
25.941043
26.202268
26.833560
27.094785
27.726077
27.972789
29.924717
30.171429
30.911565
31.107483
31.325170
31.557370
33.937415
34.184127
34.815420
35.083900
35.707937
35.932880
36.157823
36.390023
37.260771
38.153288
39.024036
39.945578
40.859864
41.919274
