0.165079
0.417234
0.645805
0.896145
1.099320
1.335147
1.552834
1.745125
1.977324
2.209524
2.448980
2.673923
2.855329
3.080272
3.326984
3.541043
3.767800
3.996372
4.203175
4.429932
4.633107
4.852608
5.104762
5.311565
5.532880
5.806803
6.015420
6.251247
6.485261
6.702948
6.936961
7.138322
7.343311
7.575510
7.809524
8.016327
8.204989
8.442630
8.700227
8.914286
9.075737
9.309751
9.541950
9.748753
9.917460
10.029932
10.098866
10.211338
10.468934
10.666667
10.898866
11.145578
11.356009
11.564626
11.771429
12.000000
12.206803
12.406349
12.607710
12.829025
13.044898
13.269841
13.482086
13.688889
13.924717
14.149660
14.376417
14.557823
14.764626
14.991383
15.187302
15.399546
15.600907
15.824036
16.018141
16.244898
16.473469
16.678458
16.879819
17.079365
17.306122
17.485714
17.710658
17.931973
18.140590
18.345578
18.548753
18.766440
19.000454
19.210884
19.412245
19.606349
19.833107
20.052608
20.197732
20.344671
20.415420
20.491610
20.732880
20.952381
21.148299
21.395011
22.093424
22.258503
22.478005
22.697506
22.904308
23.152834
23.784127
23.996372
24.208617
24.411791
24.624036
24.861678
25.340590
25.552834
25.748753
26.184127
26.389116
26.603175
27.069388
27.296145
27.539229
27.963719
28.616780
28.863492
29.106576
29.306122
29.525624
29.746939
32.165079
32.388209
32.526077
32.658503
32.732880
32.819955
33.075737
33.251701
33.516553
33.717914
33.950113
34.147846
34.383673
34.601361
34.853515
35.024036
35.254422
35.484807
35.704308
36.134240
36.346485
36.556916
36.803628
37.026757
37.273469
37.966440
38.182313
38.637642
38.844444
39.078458
39.746032
39.976417
40.429932
40.647619
40.867120
41.592744
41.968254
44.217687
