0.169796
0.428844
1.125442
1.310476
3.735510
3.946667
4.617143
4.841361
7.307755
7.553741
8.235102
8.450612
9.071020
9.295238
9.737143
10.159456
10.880000
11.134694
11.348027
11.554830
11.759456
11.979320
12.197007
12.388571
12.617143
12.839184
13.043810
13.237551
13.477007
13.694694
13.914558
14.123537
14.328163
14.548027
14.774422
14.972517
15.174966
15.392653
15.592925
15.799728
16.026122
16.239456
16.454966
16.655238
16.877279
17.081905
17.284354
17.491156
17.713197
17.906939
18.128980
18.337959
18.562177
18.755918
18.986667
19.145578
19.398095
19.631020
19.831293
20.029388
20.260136
20.475646
20.702041
20.900136
21.111293
21.618503
21.831837
22.064762
22.293333
23.338231
23.564626
23.817143
24.067483
25.086259
25.293061
25.924354
26.155102
26.816871
27.058503
27.696327
27.916190
28.188299
28.414694
29.039456
29.300680
29.511837
29.705578
30.410884
30.632925
30.746122
30.859320
30.939864
31.085714
31.301224
31.497143
31.721361
31.949932
32.605170
32.827211
33.081905
33.299592
33.499864
33.630476
33.774150
33.880816
34.385850
34.636190
37.485714
37.718639
38.408707
38.604626
39.262041
39.481905
40.174150
40.387483
41.071020
41.332245
41.573878
41.957007
