0.217687
0.435374
1.081179
1.327891
1.980952
2.198639
2.430839
2.655782
2.866939
3.082449
3.311020
3.506939
3.748571
3.970612
4.630204
4.871837
5.537959
5.779592
5.995102
6.210612
6.452245
6.674286
6.896327
7.124898
7.346939
7.568980
8.202449
8.431020
9.097143
9.332245
9.737143
10.194286
10.912653
11.121633
11.337143
11.533061
11.768163
11.970612
12.199184
12.421224
12.630204
12.819592
13.054694
13.276735
13.485714
13.707755
13.910204
14.132245
14.341224
14.537143
14.759184
14.981224
15.190204
15.405714
15.614694
15.817143
16.019592
16.228571
16.431020
16.659592
16.862041
17.090612
17.293061
17.482449
17.711020
17.933061
18.155102
18.364082
18.560000
18.762449
18.991020
19.213061
19.422041
19.644082
19.859592
20.062041
20.271020
20.493061
20.708571
20.930612
21.152653
21.394286
22.093061
22.282449
22.497959
22.706939
22.902857
23.137959
23.797551
24.006531
24.215510
24.424490
24.633469
24.875102
25.325714
25.521633
25.750204
26.148571
26.377143
26.612245
27.004082
27.258776
27.513469
29.028571
29.270204
29.707755
30.367347
30.615510
30.746122
30.856417
30.963810
31.042177
31.268571
31.523991
32.179955
32.417959
32.519546
32.641451
32.853333
33.073923
33.274195
33.494785
33.706667
33.944671
34.150748
34.374240
34.583220
34.858957
35.041814
35.282721
35.712290
35.935782
36.153469
36.374059
36.600454
36.806531
37.477007
37.700499
38.382585
38.606077
39.262041
39.531973
40.097959
40.391111
41.061587
41.369252
41.601451
41.946848
