0.159637
0.428118
1.081179
1.320635
3.729705
3.946667
4.652698
4.866032
7.329524
7.578413
8.213333
8.431746
9.092063
9.320635
9.757460
10.204444
10.869841
11.134694
11.348753
11.551927
11.744218
12.001814
12.219501
12.422676
12.640363
12.821769
13.064853
13.289796
13.489342
13.699773
13.921088
14.164172
14.367347
14.573424
14.756281
14.979773
15.214875
15.423855
15.627029
15.833107
16.018866
16.242358
16.477460
16.663220
16.878005
17.098594
17.301769
17.502041
17.737143
17.937415
18.163810
18.358277
18.575964
18.796553
18.993923
19.202902
19.423492
19.620862
19.841451
20.053333
20.273923
20.477098
20.732517
20.947302
21.388481
21.603265
21.841270
22.082177
22.273741
23.333152
23.562449
23.780136
23.994921
25.045624
25.312653
25.936689
26.195011
26.624580
26.830658
27.727528
27.959728
29.921814
30.171429
30.856417
31.091519
31.297596
31.494966
33.935964
34.188481
34.809615
35.041814
35.703583
35.924172
36.156372
36.385669
37.253515
38.156190
38.800544
39.021134
39.941224
40.852608
41.914921
