0.163810
0.417959
0.647256
0.891429
1.112381
1.331519
1.547937
1.749841
1.983492
2.215873
2.438095
2.676825
2.854603
3.078095
3.316825
3.555556
3.768889
3.992381
4.200635
4.421587
4.634921
4.853333
5.099683
5.313016
5.536508
5.770159
6.011791
6.247619
6.440635
6.697506
6.913379
7.098413
7.346939
7.584580
7.809524
8.016327
8.208617
8.409977
8.676644
8.887075
9.079365
9.315193
9.552834
9.750567
9.890249
10.019048
10.082540
10.214966
10.463492
10.673923
10.900680
11.143764
11.356009
11.570068
11.776871
12.000000
12.208617
12.408163
12.620408
12.830839
13.048526
13.273469
13.494785
13.694331
13.924717
14.151474
14.369161
14.556009
14.766440
14.975057
15.185488
15.392290
15.602721
15.833107
16.018141
16.241270
16.475283
16.682086
16.878005
17.072109
17.300680
17.482086
17.697959
17.928345
18.136961
18.349206
18.559637
18.764626
19.002268
19.198186
19.404989
19.602721
19.829478
20.050794
20.195918
20.319274
20.400907
20.489796
20.734694
20.952381
21.151927
21.398639
22.058957
22.254875
22.474376
22.706576
22.906122
23.152834
23.762358
23.994558
24.204989
24.406349
24.616780
24.861678
25.322449
25.523810
25.750567
26.180499
26.381859
26.599546
27.060317
27.294331
27.541043
27.949206
28.620408
28.858050
29.099320
29.298866
29.520181
32.166893
32.386395
32.524263
32.649433
32.740136
32.830839
33.066667
33.248073
33.494785
33.710658
33.951927
34.160544
34.383673
34.586848
34.846259
35.025850
35.263492
35.479365
35.722449
36.145125
36.346485
36.567800
36.810884
37.057596
37.275283
37.962812
38.187755
38.637642
38.846259
39.074830
39.746032
39.980045
40.440816
40.660317
40.870748
41.585488
41.946485
44.188662
