0.168707
0.428027
1.117007
1.284807
3.733333
3.945578
4.615918
4.843265
7.308844
7.554104
8.235828
8.438095
9.071020
9.297687
9.737143
10.157551
10.840816
11.126077
11.351020
11.552381
11.763084
11.981497
12.189025
12.386395
12.608980
12.826939
13.038367
13.229796
13.480408
13.685714
13.918367
14.120635
14.324943
14.541587
14.778050
14.968163
15.179683
15.383946
15.596190
15.792472
15.997460
16.236916
16.451429
16.652653
16.867937
17.074104
17.288163
17.490612
17.709796
17.908571
18.128980
18.328163
18.549796
18.750612
18.975102
19.145306
19.401361
19.633651
19.830204
20.033560
20.254195
20.475737
20.694286
20.900408
21.617052
21.831837
22.065306
22.294422
23.328798
23.558367
23.809070
24.078912
25.085170
25.290159
25.924354
26.127347
26.818141
27.059410
27.697052
27.904762
28.190930
28.367166
29.032200
29.296327
29.521088
29.709388
30.406531
30.655782
30.744671
30.834467
30.930612
31.080635
31.293243
31.526122
31.705397
31.943401
32.608254
32.823492
33.077143
33.294694
33.549206
33.762358
34.382857
34.620000
37.490249
37.717914
38.410884
38.601361
39.261678
39.482993
40.175964
40.386395
41.074830
41.340590
41.571882
41.959184
