0.156735
0.433197
1.086259
1.317007
3.724626
3.992381
4.647619
4.865306
7.344762
7.582041
8.224218
8.411429
9.097868
9.318458
9.756735
10.136961
10.906122
11.147029
11.366168
11.576599
11.753651
12.017778
12.245624
12.435737
12.654875
12.847891
13.068481
13.278912
13.482086
13.693968
13.905850
14.188844
14.390567
14.593741
14.775147
15.016054
15.225034
15.428209
15.634286
15.825850
16.021769
16.226395
16.476009
16.667574
16.885261
17.098594
17.307574
17.516553
17.737143
17.938866
18.159456
18.348118
18.561451
18.787846
18.986667
19.197098
19.411882
19.606349
19.841451
20.053333
20.272472
20.480000
20.733968
20.986485
21.601814
21.834014
22.076372
22.267937
23.334603
23.559546
23.755465
23.981859
25.048526
25.253152
25.954104
26.192109
26.827755
27.096236
27.728980
27.964082
29.917460
30.172880
30.885442
31.092971
31.251156
31.454331
33.946122
34.184127
34.813968
35.079546
35.709388
35.932880
36.157823
36.394376
37.260771
38.166349
39.025488
39.951383
40.867120
41.920726
