0.166349
0.420136
0.625918
0.897778
1.127619
1.334603
1.544921
1.749841
1.982540
2.223673
2.446531
2.639637
2.891429
3.079365
3.318095
3.540317
3.768889
4.000000
4.204444
4.429206
4.636190
4.859683
5.102222
5.314286
5.536190
5.799365
6.025397
6.253968
6.460952
6.690476
6.903492
7.121905
7.348571
7.573016
7.784127
8.020317
8.199683
8.411111
8.674603
8.854286
9.075238
9.314603
9.529206
9.748889
9.887937
9.973651
10.049524
10.219683
10.468571
10.674286
10.906667
11.128889
11.360000
11.564853
11.773923
12.001814
12.209297
12.408390
12.614603
12.833016
13.048753
13.267574
13.488209
13.695238
13.928889
14.151111
14.382540
14.560000
14.773333
14.977778
15.186848
15.395465
15.602268
15.817460
16.017959
16.242902
16.455873
16.675556
16.878730
17.075556
17.299592
17.483719
17.711746
17.888980
18.125351
18.350476
18.553107
18.764082
18.977596
19.200363
19.401179
19.586757
19.805533
19.990567
20.188844
20.328889
20.412698
20.487755
20.732653
20.951837
21.146939
21.400635
22.067302
22.243810
22.473651
22.702222
22.884127
23.147937
23.719048
23.988254
24.197460
24.410476
24.570794
24.849206
25.298413
25.573333
25.746032
26.141270
26.365079
26.599365
27.040317
27.291429
27.512063
27.956508
28.584762
28.819048
29.084807
29.293424
29.513832
29.743129
32.134966
32.351927
32.497778
32.647800
32.769524
32.831746
33.053605
33.255873
33.483175
33.695238
33.954286
34.147302
34.376236
34.608073
34.846621
35.023492
35.251338
35.485714
36.130975
36.347574
36.550385
36.806349
37.023492
37.258776
37.944671
38.185941
38.640544
38.849524
39.063946
39.751111
39.979683
40.431746
40.648889
40.843537
41.588571
41.944127
44.198095
