0.224943
0.434467
1.082993
1.321542
1.981859
2.204082
2.438095
2.651247
2.851701
3.077551
3.306122
3.511111
3.751474
3.975510
4.628571
4.877098
5.541043
5.779592
5.994558
6.217143
6.458776
6.664490
6.901406
7.083900
7.347211
7.566440
8.198980
8.433197
9.095510
9.332063
9.742222
10.194286
10.916281
11.120907
11.341497
11.555556
11.765986
11.975692
12.199184
12.427891
12.630204
12.825397
13.052698
13.278005
13.490476
13.703764
13.910204
14.132245
14.344490
14.529161
14.764989
14.979410
15.192381
15.404626
15.613265
15.824694
16.011338
16.228844
16.396190
16.657778
16.872562
17.086259
17.294512
17.488980
17.708481
17.930159
18.154490
18.364898
18.544399
18.765397
18.988889
19.216100
19.423946
19.644898
19.849796
20.061315
20.265034
20.487347
20.702222
20.926259
21.155306
21.389569
22.100317
22.273741
22.495510
22.697778
22.898776
23.129252
23.802857
24.009433
24.201723
24.428118
24.638095
24.874603
25.326077
25.515193
25.732063
26.147392
26.384082
26.605351
27.021497
27.263265
27.496599
27.946667
29.035918
29.276735
29.451973
29.700454
30.368571
30.611020
30.735692
30.842812
30.995465
31.041451
31.270748
31.518095
32.179184
32.414150
32.518639
32.638639
32.747483
32.825760
33.062472
33.274739
33.491293
33.687755
33.945125
34.156190
34.372426
34.581224
34.834603
35.042449
35.694875
35.935057
36.125714
36.357370
36.613605
36.800907
37.471565
37.703401
38.385714
38.601361
39.267120
39.531746
40.119184
40.377687
41.063946
41.352381
41.602177
41.950476
