0.220408
0.429388
1.080816
1.317007
1.978776
2.202449
2.431020
2.659592
2.878367
3.079184
3.309388
3.510204
3.755102
3.975510
4.628571
4.876735
5.541224
5.761451
5.984943
6.213878
6.458050
6.641633
6.899592
7.094422
7.349116
7.563537
8.193741
8.433197
9.094966
9.337687
9.743673
10.194286
10.919184
11.122721
11.345850
11.554830
11.775782
11.973878
12.200272
12.427755
12.632381
12.826122
13.052517
13.268027
13.485714
13.703401
13.910204
14.131156
14.344490
14.542585
14.765714
14.977959
15.195646
15.419864
15.614694
15.825850
16.009796
16.225306
16.438639
16.660680
16.872925
17.088435
17.294150
17.481361
17.711020
17.930884
18.158367
18.362993
18.560000
18.766803
18.989932
19.208707
19.422041
19.650612
19.855238
20.063129
20.266667
20.490884
20.714014
20.933878
21.159184
21.406259
22.072381
22.277007
22.499048
22.702585
22.898503
23.133605
23.787755
24.004354
24.195918
24.428844
24.637823
24.871837
25.327891
25.515102
25.740408
26.148571
26.383673
26.608617
27.092245
27.264218
27.502585
27.925986
29.033651
29.277460
29.448707
29.704127
30.371701
30.614059
30.746122
30.841905
30.979773
31.040726
31.274376
31.510930
32.178503
32.416508
32.515193
32.616780
32.753197
32.841723
33.075374
33.272744
33.496236
33.702313
33.946122
34.155102
34.372789
34.583220
34.809615
35.040363
35.710839
35.943039
36.154921
36.371156
36.593197
36.806531
37.479909
37.697596
38.385488
38.601723
39.264943
39.534150
40.091429
40.372063
41.059048
41.356190
41.600000
41.946667
