0.170522
0.428118
1.124717
1.308299
3.733333
3.946667
4.617143
4.845714
7.309932
7.556825
8.234921
8.452063
9.070476
9.297778
9.735873
10.157460
10.885079
11.122540
11.349841
11.550476
11.762540
11.986032
12.193016
12.389841
12.612063
12.830476
13.047619
13.236825
13.480635
13.687619
13.911111
14.123175
14.325079
14.556190
14.778413
14.973968
15.178413
15.384127
15.594921
15.798095
16.030476
16.240000
16.454603
16.652698
16.869841
17.074286
17.288889
17.490794
17.715556
17.908571
18.126984
18.350476
18.556190
18.754286
18.979048
19.179683
19.399365
19.631746
19.832381
20.045714
20.256508
20.474921
20.695873
20.913016
21.100952
21.620317
21.836190
22.058413
22.299683
23.333333
23.563175
23.815873
24.073651
25.086984
25.258413
25.925079
26.132063
26.820317
27.059048
27.699048
27.912381
28.179048
28.425397
29.045079
29.293968
29.516190
29.709206
30.408889
30.633651
30.749206
30.854603
30.944762
31.081905
31.295238
31.500952
31.725714
31.945397
32.600635
32.826667
33.062857
33.297778
33.502222
33.760000
34.380952
34.585397
37.486984
37.716825
38.405079
38.600635
39.259683
39.481905
40.175238
40.384762
41.073016
41.338413
41.577143
41.959365
