0.166893
0.419048
0.650340
0.888889
1.096599
1.332426
1.542857
1.748753
1.980952
2.217687
2.447166
2.661224
2.853878
3.081633
3.312472
3.543946
3.770340
3.995283
4.191927
4.440816
4.633832
4.855147
5.100408
5.314467
5.537234
5.769433
6.008889
6.249070
6.462404
6.688798
6.909388
7.100227
7.347664
7.583492
7.805533
8.000726
8.200272
8.449161
8.684989
8.887438
9.074649
9.317007
9.542676
9.749478
9.907664
10.010703
10.077460
10.210249
10.458413
10.669569
10.899592
11.136145
11.350930
11.563537
11.775420
12.003265
12.209342
12.400181
12.613515
12.830476
13.050340
13.270204
13.484989
13.693243
13.927619
14.152562
14.372426
14.563265
14.768617
14.970340
15.185125
15.396281
15.603810
15.813515
16.017415
16.245986
16.471655
16.674830
16.880907
17.079002
17.298141
17.479546
17.706667
17.931610
18.139864
18.347392
18.555646
18.767528
19.005533
19.205805
19.408254
19.607800
19.832018
20.051156
20.199184
20.335601
20.404535
20.491610
20.736871
20.950204
21.148299
21.402268
22.065488
22.263946
22.482721
22.708390
22.905034
23.154286
23.771973
23.995646
24.206803
24.407256
24.623129
24.860771
25.326984
25.568254
25.751474
26.178685
26.387302
26.602268
27.063946
27.297052
27.534694
27.958277
28.619501
28.862585
29.103855
29.300680
29.521995
29.751474
32.169070
32.386757
32.526077
32.653061
32.736508
32.822676
33.075737
33.254422
33.493878
33.712472
33.969161
34.150567
34.381859
34.586848
34.850794
35.024036
35.266213
35.482993
36.130612
36.345306
36.567347
36.805714
37.038367
37.271020
37.953741
38.189569
38.634014
38.844082
39.078095
39.746122
39.979592
40.417959
40.649796
40.870204
41.585488
41.951020
44.196281
