0.165442
0.439728
1.079728
1.323537
3.733333
3.988027
4.649796
4.880544
7.337143
7.588571
8.222041
8.506122
9.100408
9.325714
9.763265
10.192109
10.913379
11.136871
11.345850
11.551927
11.743492
12.010522
12.213696
12.445896
12.643265
12.823220
13.067029
13.284717
13.490794
13.693968
13.914558
14.167075
14.355737
14.582132
14.772245
15.020408
15.203265
15.425306
15.625578
15.830204
16.017415
16.239456
16.478912
16.679184
16.870748
17.079728
17.275646
17.502041
17.739683
17.932698
18.163810
18.359365
18.580317
18.796190
18.991746
19.200000
19.413333
19.631746
19.850159
20.053333
20.279365
20.500317
20.733968
20.960000
21.602540
21.841270
22.072381
22.275556
23.334603
23.563175
23.752562
23.997823
25.044898
25.295238
25.942857
26.187755
26.835374
27.095873
27.707937
27.980045
29.925442
30.177959
30.876735
31.098776
31.321905
31.540317
33.926531
34.176871
34.812517
35.075918
35.709388
35.933605
36.157823
36.384218
37.254966
38.171429
39.026939
39.947755
40.872925
41.928707
