0.301859
0.439002
1.092063
1.317007
1.970068
2.227664
2.427211
2.659410
2.851701
3.065760
3.297959
3.512018
3.744218
3.979683
4.612063
4.860952
5.544127
5.782857
5.993651
6.217143
6.466032
6.681905
6.900317
7.123810
7.342222
7.542857
8.190476
8.444444
9.081905
9.323175
9.729524
10.191746
10.900317
11.121270
11.347302
11.535238
11.773968
11.987302
12.190476
12.401270
12.617143
12.807619
13.056508
13.300317
13.467937
13.686349
13.899683
14.130794
14.341587
14.529524
14.735238
14.973968
15.172063
15.400635
15.616508
15.812063
16.007619
16.198095
16.426667
16.652698
16.871111
17.074286
17.287619
17.483175
17.704127
17.917460
18.156190
18.366984
18.554921
18.755556
18.973968
19.200000
19.395556
19.626667
19.840000
20.088889
20.274286
20.480000
20.698413
20.926984
21.163175
21.394286
22.140952
22.283175
22.491429
22.709841
22.895238
23.123810
23.819683
24.010159
24.193016
24.436825
24.637460
24.888889
25.335873
25.536508
25.729524
26.161270
26.392381
26.628571
27.128889
27.283810
27.507302
27.966984
29.023492
29.259683
29.500952
29.704127
30.364444
30.613333
30.758095
30.869841
30.973968
31.080635
31.288889
31.520000
32.152381
32.424127
32.551111
32.657778
32.782222
32.853333
33.097143
33.272381
33.493333
33.709206
33.980952
34.181587
34.387302
34.598095
34.857143
35.073016
35.702857
35.944127
36.162540
36.383492
36.612063
36.810159
37.513651
37.696508
38.407619
38.610794
39.268571
39.570794
40.124444
40.380952
41.069206
41.353651
41.610159
41.947937
