0.156735
0.417959
1.097143
1.384490
3.709388
3.944490
4.675918
4.989388
7.314286
7.680000
8.228571
8.463673
9.064490
9.325714
9.848163
10.213878
11.476463
11.859592
12.277551
12.634558
12.843537
13.035102
13.261497
13.470476
13.696871
13.897143
14.558912
14.811429
15.011701
15.255510
15.412245
15.690884
15.865034
16.047891
16.239456
16.509388
16.918639
17.145034
17.301769
17.510748
17.702313
17.963537
18.146395
18.329252
18.590476
18.834286
18.973605
19.208707
19.408980
19.617959
19.826939
20.053333
20.288435
20.549660
21.019864
21.585850
21.820952
22.056054
22.282449
23.040000
23.344762
23.571156
23.954286
25.016599
25.408435
25.878639
26.244354
26.836463
27.176054
27.733333
28.081633
29.718639
29.892789
30.197551
30.868027
31.190204
31.399184
33.941769
34.185578
34.821224
35.091156
35.683265
35.935782
36.397279
37.250612
38.147483
39.079184
39.915102
40.872925
41.952653
