0.169796
0.428844
1.122177
1.301769
3.732245
3.945578
4.618231
4.843537
7.311020
7.554830
8.238367
8.451701
9.073197
9.300680
9.736054
10.155102
10.883265
11.139048
11.350204
11.553741
11.762721
11.991293
12.200272
12.388571
12.600816
12.830476
13.035102
13.232109
13.457415
13.703401
13.916735
14.110476
14.324898
14.565442
14.768980
14.967075
15.164082
15.379592
15.577687
15.784490
15.984762
16.212245
16.454966
16.641088
16.858776
17.062313
17.273469
17.477007
17.694694
17.900408
18.106122
18.335782
18.532789
18.741769
18.961633
19.143401
19.374150
19.603810
19.807347
20.025034
20.251429
20.468027
20.670476
20.877279
21.604354
21.818776
22.295510
23.319728
23.546122
23.819320
24.082721
25.081905
25.284354
25.915646
26.179048
26.807075
27.066122
27.677823
27.973878
28.202449
28.456054
29.097143
29.305034
29.578231
29.770884
30.411973
30.638367
30.753741
30.853878
30.946395
31.072653
31.302313
31.490612
31.727891
31.935782
32.608435
32.839184
33.057959
33.291973
33.500952
34.382585
34.594830
37.496599
37.708844
38.396735
38.595918
39.241361
39.489524
40.163265
40.373333
41.053605
41.318095
41.541224
41.940680
