0.165442
0.406349
0.650159
0.859138
1.102948
1.332245
1.570249
1.756009
1.985306
2.229116
2.475828
2.673197
2.853152
3.076644
3.308844
3.520726
3.750023
3.993832
4.226032
4.426304
4.641088
4.870385
5.117098
5.305760
5.523447
5.770159
6.002358
6.266485
6.487075
6.698957
6.902132
7.134331
7.340408
7.555193
7.819320
8.016689
8.211156
8.431746
8.690068
8.907755
9.076100
9.311202
9.549206
9.755283
9.929433
10.025215
10.193560
10.454785
10.678277
10.916281
11.128163
11.363265
11.540317
11.766712
11.990204
12.204989
12.402358
12.596825
12.829025
13.038005
13.261497
13.455964
13.679456
13.923265
14.143855
14.370249
14.556009
14.756281
14.971066
15.194558
15.394830
15.627029
15.806984
16.004354
16.256871
16.454240
16.660317
16.869297
17.075374
17.287256
17.484626
17.702313
17.943220
18.149297
18.329252
18.517914
18.744308
19.014240
19.202902
19.385760
19.615057
19.818231
20.047528
20.227483
20.331973
20.433560
20.732517
20.953107
21.164989
21.385578
22.079274
22.262132
22.479819
22.697506
22.883265
23.144490
23.809161
23.989116
24.224218
24.407075
24.610249
24.862766
25.353288
25.553560
25.742222
26.192109
26.360454
26.595556
27.094785
27.295057
27.530159
27.977143
28.598277
28.874014
29.109116
29.306485
29.529977
32.133515
32.386032
32.563084
32.693696
32.815601
33.076825
33.500590
33.700862
33.947574
34.371338
34.600635
34.850249
35.230476
35.482993
36.159274
36.356644
36.556916
36.797823
37.021315
37.221587
37.958821
38.182313
38.635102
38.849887
39.070476
39.758367
39.973152
40.423039
40.620408
40.858413
41.592744
41.923628
44.210794
