0.162540
0.422857
1.112381
1.295238
3.730794
3.942857
4.610794
4.838095
7.307937
7.554286
8.232381
8.448254
9.062857
9.291429
9.734603
10.152381
10.869841
11.118730
11.343492
11.549206
11.756190
11.982222
12.191746
12.386032
12.603175
12.827937
13.038730
13.231746
13.475556
13.683810
13.908571
14.120635
14.336508
14.548571
14.777143
14.970159
15.175873
15.382857
15.589841
15.789206
16.017778
16.233651
16.448254
16.651429
16.867302
17.061587
17.281270
17.488254
17.702857
17.903492
18.119365
18.318730
18.547302
18.758095
18.972698
19.168254
19.398095
19.630476
19.832381
19.974603
20.248526
20.462585
20.685714
20.887075
21.082993
21.618141
21.830385
22.058957
22.289342
23.332426
23.562812
23.796825
24.068934
25.077551
25.278912
25.935601
26.156916
26.813605
27.056689
27.693424
27.961905
28.174150
28.527891
29.074286
29.297959
29.583673
29.844898
30.402177
30.615510
30.698231
30.850612
30.968163
31.088254
31.292698
31.507302
31.726803
31.947755
32.619320
32.828299
33.084082
33.296327
33.504218
34.377143
34.631837
37.468299
37.707755
38.397823
38.593742
39.253333
39.473197
40.158912
40.380952
41.060136
41.317007
41.569524
41.952653
