0.171973
0.431020
1.121088
1.315556
3.736961
3.950295
4.604082
4.832653
7.313560
7.558095
8.239456
8.465125
9.084082
9.305034
9.743129
10.164354
10.893605
11.136327
11.354014
11.553469
11.764898
11.993469
12.212245
12.403810
12.617143
12.838095
13.046349
13.239002
13.480272
13.690340
13.918912
14.123537
14.348844
14.557823
14.782766
14.984127
15.183673
15.383220
15.600635
15.801905
16.022857
16.238367
16.448435
16.656327
16.887982
17.082993
17.286168
17.498413
17.714286
17.912018
18.128254
18.331429
18.554921
18.755556
18.981587
19.141587
19.397551
19.629388
19.831837
19.984762
20.253968
20.476735
20.692245
20.891429
21.102041
21.616327
21.831837
22.065306
22.336327
23.335510
23.560816
23.813878
24.411429
25.084082
25.374694
25.926531
26.151837
26.819592
27.071020
27.701224
27.929796
28.236735
28.553469
29.082449
29.299592
29.542857
29.706122
29.841633
30.411429
30.642540
30.769524
30.843175
30.946032
31.090794
31.299048
31.525079
31.726984
31.954286
32.160000
32.340317
32.453333
32.594286
32.825397
33.076825
33.287619
33.539048
33.624127
33.765079
33.893333
34.383492
34.608254
37.483175
37.718095
37.847619
38.406349
38.600635
39.258413
39.485714
40.171429
40.378413
41.071746
41.326984
41.573333
41.955556
