0.171429
0.430839
0.675556
0.994286
1.107302
1.326984
1.493333
1.749841
1.991111
2.229841
2.472381
2.850794
3.080635
3.330794
3.553016
3.766349
3.997460
4.250159
4.436825
4.636190
4.855873
5.116190
5.311746
5.533968
5.789206
6.013968
6.247619
6.464762
6.699683
6.906667
7.109841
7.349841
7.584762
7.820952
8.029206
8.205714
8.457143
8.685714
8.909206
9.080635
9.318095
9.546667
9.749841
9.879365
10.080000
10.212063
10.460952
10.670476
10.900317
11.123810
11.353651
11.542857
11.752381
11.998730
12.210794
12.400000
12.613333
12.829206
13.048889
13.266032
13.489524
13.692698
13.926349
14.148571
14.372063
14.557460
14.773333
14.963810
15.182222
15.396825
15.601270
15.829841
16.017778
16.240000
16.478730
16.671746
16.866032
17.069206
17.296508
17.486984
17.700317
17.930159
18.143492
18.347937
18.558730
18.765714
19.013333
19.202540
19.408254
19.607619
19.829841
20.059683
20.346667
20.496508
20.733968
20.942222
21.146667
21.403175
22.060952
22.265397
22.480000
22.700952
22.900317
23.150476
23.770159
23.994921
24.215873
24.411429
24.624762
24.862222
25.349841
25.520000
25.744762
26.168889
26.382222
26.614603
26.843175
27.070476
27.291429
27.537778
27.939048
28.612063
28.855873
29.117460
29.283810
29.522540
29.744762
32.163810
32.384762
32.525714
32.822857
33.240635
33.493333
33.706667
33.945397
34.157460
34.378413
34.609524
34.862222
35.023492
35.263492
35.492063
35.720635
36.129524
36.353016
36.547302
36.803810
37.015873
37.241905
37.993651
38.186667
38.631111
38.850794
39.071746
39.742222
39.983492
40.424127
40.660317
40.853333
41.583492
41.940317
44.064762
