0.203175
0.432472
1.082630
1.317732
1.973696
2.194286
2.426485
2.655782
2.858957
3.076644
3.305941
3.512018
3.752925
3.967710
4.620771
4.864580
5.526349
5.773061
5.982041
6.217143
6.458050
6.672834
6.890522
7.099501
7.340408
7.552290
8.193741
8.425941
9.084807
9.331519
9.737868
10.187755
10.913379
11.107846
11.322630
11.520000
11.758005
11.966984
12.190476
12.408163
12.620045
12.814512
13.038005
13.223764
13.479184
13.688163
13.905850
14.126440
14.329615
14.532789
14.756281
14.973968
15.191655
15.406440
15.606712
15.821497
16.007256
16.219138
16.393288
16.645805
16.863492
17.084082
17.266939
17.473016
17.702313
17.928707
18.152200
18.364082
18.546939
18.758821
18.985215
19.200000
19.417687
19.646984
19.853061
20.038821
20.256508
20.474195
20.706395
20.924082
21.150476
21.385578
22.087982
22.279546
22.491429
22.694603
22.894875
23.129977
23.788844
24.006531
24.200998
24.430295
24.633469
24.865669
25.060136
25.327166
25.518730
25.730612
25.864127
26.139864
26.351746
26.618776
26.816145
27.004807
27.257324
27.504036
27.985850
29.024943
29.274558
29.695420
30.365896
30.600998
30.728707
30.839002
31.042177
31.254059
31.515283
32.174150
32.412154
32.513742
32.632744
32.728526
32.847528
33.068118
33.268390
33.494785
33.700862
34.031746
34.147846
34.368435
34.577415
34.829932
34.998277
35.651338
35.932880
36.121542
36.365351
36.600454
36.792018
37.459592
37.694694
38.368073
38.608980
39.273651
39.523265
40.086349
40.211156
40.382404
41.055782
41.346032
41.589841
41.943946
