0.166893
0.451701
1.097506
1.351474
3.747846
3.981859
4.654875
4.881633
7.348753
7.597279
8.234014
8.491610
9.106576
9.338776
9.761451
10.207710
10.913379
11.136508
11.348753
11.551927
11.791383
12.009070
12.223129
12.444444
12.647619
12.847166
13.072109
13.278912
13.485714
13.703401
13.942857
14.177778
14.344127
14.573968
14.772063
15.010794
15.229206
15.437460
15.649524
15.852698
16.020317
16.241270
16.492698
16.674286
16.880000
17.099683
17.310476
17.522540
17.740952
17.940317
18.168889
18.370794
18.586667
18.796190
18.999365
19.212698
19.429841
19.639365
19.853968
20.063492
20.288254
20.466032
20.741587
20.957460
21.390476
21.617778
21.848889
22.082540
22.269206
23.340952
23.566984
23.776508
24.013968
25.064127
25.385397
25.973333
26.187937
26.845714
27.100952
27.739683
27.978413
29.921270
30.190476
30.896508
31.109841
31.333333
31.693968
33.945397
34.179048
34.834286
35.093333
35.718095
35.932698
36.166349
36.393651
37.254603
38.166349
39.092063
39.961905
40.860952
41.949206
