0.173878
0.436735
0.645714
0.883265
1.109388
1.335510
1.538776
1.745306
1.991837
2.235102
2.448163
2.682449
2.853878
3.083265
3.320816
3.553469
3.775510
4.011429
4.202449
4.440816
4.641633
4.873469
5.097959
5.319184
5.540408
5.771429
6.016327
6.255510
6.467755
6.688163
6.909388
7.118367
7.350204
7.585306
7.810612
8.009796
8.208980
8.454694
8.687347
8.892245
9.082449
9.315918
9.550204
9.757551
9.885714
10.013878
10.095510
10.218776
10.467755
10.680816
10.905306
11.138776
11.367347
11.576327
11.783673
12.004898
12.229388
12.409796
12.620408
12.843265
13.057959
13.279184
13.497959
13.697143
13.930612
14.157551
14.390204
14.566531
14.787755
14.979592
15.186939
15.398367
15.607347
15.832653
16.040816
16.254694
16.482449
16.679184
16.884082
17.083265
17.309388
17.495510
17.711020
17.938776
18.146122
18.353469
18.560816
18.769796
19.001633
19.211429
19.408980
19.614694
19.840816
20.058776
20.198367
20.328980
20.408980
20.502041
20.742857
20.955918
21.156735
21.409796
22.061224
22.272653
22.482449
22.718367
22.902857
23.155102
23.772245
24.003265
24.214694
24.424490
24.635918
24.866939
25.329796
25.525714
25.758367
26.163265
26.390204
26.618776
27.072653
27.307755
27.543673
27.951020
28.624490
28.869388
29.106939
29.313469
29.527347
29.774694
32.168980
32.387755
32.526531
32.629388
32.742041
32.823673
33.078367
33.266939
33.506939
33.721633
33.944490
34.160000
34.384490
34.613878
34.849796
35.029388
35.262857
35.490612
35.722449
36.109388
36.364898
36.562449
36.810612
37.024490
37.277551
37.944490
38.182041
38.595102
38.853061
39.088980
39.756735
39.983673
40.423673
40.657959
40.876735
41.586122
41.952653
44.187211
