0.175238
0.442993
1.125442
1.322449
3.742041
3.948844
4.626939
4.846803
7.322993
7.565714
8.245986
8.470204
9.087347
9.302857
9.741497
10.165986
10.890884
11.137959
11.358912
11.573333
11.763810
11.996735
12.202449
12.402449
12.631837
12.833469
13.048980
13.240816
13.489796
13.691429
13.916735
14.124082
14.367347
14.576327
14.788571
14.974694
15.186122
15.394286
15.600000
15.800816
16.028571
16.240000
16.457959
16.659592
16.890612
17.077551
17.294694
17.501224
17.721633
17.919184
18.134694
18.351020
18.564898
18.765714
18.995102
19.190204
19.411429
19.635918
19.835102
20.043265
20.266939
20.481633
20.703673
20.911020
21.108571
21.622041
21.837551
22.076735
22.303673
23.352653
23.569796
23.795918
24.087347
25.092245
25.299592
25.930612
26.163265
26.822857
27.066122
27.712653
27.919184
28.188571
28.417143
29.039184
29.311837
29.522449
29.712653
30.413061
30.634286
30.740408
30.850612
30.949388
31.096327
31.302041
31.500408
31.724082
31.955918
32.606531
32.834286
33.058776
33.302857
33.507755
34.391020
34.586939
37.490612
37.718367
38.414694
38.603265
39.265306
39.485714
40.174694
40.390204
41.076735
41.342857
41.577143
41.966531
