0.231837
0.444082
1.087347
1.325714
1.993469
2.212789
2.437007
2.647075
2.868027
3.080272
3.322993
3.514558
3.754014
3.978231
4.635646
4.885986
5.542313
5.765442
5.995102
6.209524
6.466395
6.666667
6.907211
7.108571
7.351293
7.568980
8.197007
8.445170
9.102585
9.338776
9.746939
10.199728
10.921361
11.118367
11.346939
11.563537
11.776871
11.980408
12.205714
12.436463
12.635646
12.830476
13.060136
13.277823
13.493333
13.719728
13.917823
14.137687
14.353197
14.549116
14.767891
14.980136
15.196735
15.430748
15.626667
15.833469
16.020680
16.237279
16.433197
16.662857
16.875102
17.093878
17.298503
17.492245
17.712109
17.938503
18.157279
18.369524
18.568707
18.768980
18.992109
19.220680
19.429660
19.660408
19.856327
20.062041
20.272109
20.494150
20.710748
20.937143
21.160272
21.408435
22.091973
22.291156
22.488163
22.714558
22.907211
23.148844
23.776871
24.017415
24.197007
24.434286
24.637823
24.878367
25.315918
25.511837
25.738231
26.160544
26.390204
26.626395
27.097687
27.264218
27.515646
27.958639
29.041633
29.281088
29.473741
29.716463
30.370612
30.616599
30.733061
30.857143
30.949660
31.045442
31.269660
31.522177
32.188299
32.419048
32.522449
32.634558
32.730340
32.852245
33.062313
33.283265
33.498776
33.717551
33.957007
34.142041
34.372789
34.589388
34.809252
35.046531
35.714830
35.925986
36.157823
36.382041
36.569252
36.806531
37.491156
37.709932
38.380408
38.600272
39.287075
39.513469
40.111020
40.192653
40.401633
41.084082
41.352925
41.600000
41.951565
