0.218776
0.428118
1.080000
1.317914
1.980952
2.197732
2.427211
2.661633
2.865850
3.082449
3.317914
3.508027
3.752925
3.972789
4.626576
4.879819
5.536327
5.763265
5.987755
6.213061
6.456327
6.663401
6.901224
7.103855
7.347755
7.560816
8.193741
8.433923
9.092063
9.337143
9.743492
10.193741
10.915918
11.117551
11.340045
11.557732
11.776871
11.980045
12.196281
12.425397
12.630204
12.822857
13.055873
13.283265
13.490794
13.720635
13.907302
14.132245
14.343764
14.552381
14.769342
14.984127
15.197460
15.419320
15.624490
15.832381
16.008707
16.226032
16.436735
16.658866
16.872925
17.090612
17.292245
17.480816
17.705215
17.941224
18.163719
18.367347
18.560000
18.768980
18.986667
19.216327
19.423492
19.649524
19.853968
20.066032
20.266667
20.483265
20.712200
20.929887
21.160635
21.402449
22.089796
22.284444
22.707302
22.899048
23.139229
23.780499
24.015238
24.195556
24.434286
24.633469
24.875283
25.333696
25.516553
25.741497
26.162540
26.382222
26.627483
27.266213
27.508027
29.030023
29.278186
29.707755
30.370794
30.619683
30.861497
31.043265
31.271837
31.523265
32.181224
32.416327
32.515918
32.637098
32.756735
32.847347
33.080816
33.273469
33.498413
33.706667
33.942494
34.151474
34.370612
34.580317
34.810884
35.045079
35.683265
35.941224
36.156735
36.373878
36.803265
37.459592
37.701587
38.384762
38.604444
39.266939
39.533061
40.092517
40.349206
41.060317
41.353651
41.600000
41.948299
