0.158912
0.444082
1.088435
1.327891
3.731519
3.976417
4.647619
4.874376
7.336054
7.588571
8.214059
8.411429
9.096417
9.331519
9.752381
10.187755
10.907574
11.148481
11.348753
11.572245
11.743673
12.006531
12.225306
12.440816
12.644898
12.821224
13.064490
13.293061
13.484082
13.701224
13.918912
14.147483
14.363719
14.587937
14.767891
15.017506
15.174240
15.412245
15.632834
15.818594
16.030839
16.248163
16.482540
16.663946
16.881633
17.099683
17.300317
17.526349
17.754921
17.942857
18.163810
18.366984
18.585397
18.796190
18.996825
19.210159
19.424218
19.626667
19.833469
20.048980
20.257959
20.460408
20.695510
20.946939
21.607619
21.845624
22.080726
22.265760
23.336054
23.553016
23.797551
23.992018
25.044898
25.933787
26.592653
26.830658
27.707211
29.920000
30.177959
30.870204
31.097324
31.505850
33.930159
34.180499
34.814694
35.097687
35.713016
35.940136
36.147302
36.388571
37.257143
38.145306
39.018776
39.941224
40.873651
41.917823
