0.183220
0.429206
1.127619
1.313016
3.743492
3.941587
4.606984
4.844263
7.309206
7.553016
8.233651
8.478912
9.070295
9.302494
9.737868
10.158367
10.881451
11.134694
11.345306
11.580408
11.761633
11.991293
12.205714
12.392925
12.638095
12.833741
13.047438
13.238367
13.475737
13.685079
13.916190
14.120635
14.319456
14.551837
14.774603
14.970612
15.186122
15.402449
15.600816
15.809796
16.031746
16.250340
16.476190
16.667574
16.896145
17.078095
17.290159
17.488980
17.714286
17.914739
18.128798
18.350113
18.562358
18.769161
18.998095
19.179683
19.405714
19.632653
19.853061
20.056599
20.279728
20.481270
20.711837
20.915918
21.629388
21.828571
22.302041
23.337143
23.565351
24.068571
25.086984
25.283265
25.922177
26.159456
26.816871
27.056327
27.698503
27.902041
28.195918
28.411429
29.051429
29.309388
29.531429
29.711020
30.410884
30.632925
30.753469
30.864490
30.937143
31.085714
31.333333
31.539229
31.734422
31.962993
32.596825
32.838095
33.088435
33.309025
33.515102
33.767619
34.385850
34.584127
37.511837
37.724082
38.412698
38.603175
39.264218
39.479365
40.179229
40.396916
41.079365
41.334422
41.578231
41.964263
