0.167347
0.423265
0.655782
0.880726
1.106122
1.335147
1.545578
1.745850
1.986757
2.221497
2.443175
2.680272
2.854422
3.080998
3.316825
3.549206
3.773243
3.996372
4.202812
4.417596
4.636735
4.867120
5.099683
5.314467
5.537959
5.764354
6.016871
6.247619
6.429025
6.691701
6.905034
7.105306
7.353469
7.566803
7.810612
8.013968
8.204626
8.446259
8.685714
8.907755
9.081905
9.321361
9.545578
9.754558
10.009252
10.209524
10.456236
10.664490
10.897959
11.116190
11.356009
11.566440
11.769615
12.009070
12.208617
12.408163
12.612789
12.831927
13.040907
13.261497
13.479184
13.693968
13.929070
14.152562
14.386939
14.554195
14.759184
14.944218
15.180045
15.394104
15.601633
15.810612
16.019592
16.248163
16.476735
16.666122
16.869297
17.092789
17.298866
17.484626
17.699410
17.931610
18.137687
18.343764
18.555646
18.767528
18.999728
19.214512
19.406077
19.597642
19.829841
20.051882
20.493061
20.733968
20.952381
21.150476
21.396463
22.066213
22.269388
22.476916
22.709116
22.910839
23.156100
23.773968
23.997460
24.208617
24.417778
24.620952
24.859864
25.328980
25.518367
25.743673
26.168163
26.354286
26.608980
27.293605
27.535964
27.957551
28.619320
28.869660
29.104762
29.294150
29.511837
29.709932
32.159637
32.386032
32.827937
33.073923
33.245170
33.503492
33.724082
34.153651
34.371338
34.591927
34.847347
35.018594
35.265306
35.484082
36.130612
36.349388
36.555102
36.809796
37.025306
37.247347
37.972245
38.200816
38.847347
39.062857
39.738776
39.977143
40.427392
40.667755
40.870204
41.586939
41.946122
44.166531
