0.181406
0.442993
1.130884
1.339864
3.744218
3.953923
4.631655
4.913923
7.322993
7.591837
8.248163
8.478912
9.092789
9.344218
9.746939
10.193197
10.893061
11.142313
11.361088
11.599456
11.777959
12.023946
12.210068
12.405986
12.642540
12.847619
13.061224
13.258957
13.507029
13.710658
13.933787
14.143311
14.375057
14.586848
14.786395
14.988209
15.195465
15.409977
15.628118
15.810431
16.044898
16.247302
16.476825
16.674104
16.903401
17.109116
17.311927
17.516553
17.729887
17.929070
18.138413
18.355011
18.566531
18.779138
19.009161
19.205079
19.420227
19.654240
19.857052
20.056961
20.280091
20.493787
20.707120
20.917914
21.628662
21.842721
22.087982
22.311837
23.338231
23.565714
23.808435
24.100136
25.090612
25.292744
25.942132
26.196463
26.857868
27.072290
27.715918
27.923084
28.211519
28.442993
29.069206
29.308662
29.516553
29.775964
30.423583
30.673016
30.747846
30.829478
30.941497
31.099773
31.310204
31.543764
31.744218
31.957370
32.603628
32.834921
33.068934
33.323810
33.557370
33.776327
34.407619
34.638005
37.493061
37.742041
38.440816
38.620000
39.274286
39.506122
40.188980
40.412653
41.096735
41.353061
41.607755
41.988571
