0.190476
0.468571
1.116190
1.362540
3.757460
4.005079
4.666667
4.887619
7.372336
7.610340
8.238005
8.470204
9.107302
9.336599
9.767619
10.221859
10.922449
11.139592
11.348027
11.583129
11.812789
12.028299
12.242721
12.448798
12.648345
12.871837
13.075011
13.287619
13.500952
13.709206
13.955918
14.165624
14.382585
14.589388
14.786757
15.024036
15.220680
15.442177
15.649524
15.850884
16.045170
16.245986
16.473469
16.679184
16.888707
17.101497
17.339864
17.549388
17.753469
17.958639
18.177959
18.375510
18.614422
18.810340
19.021497
19.226122
19.439456
19.646259
19.861633
20.097959
20.326939
20.500408
20.734286
20.956735
21.625306
21.866122
22.097959
22.303673
23.375510
23.587755
23.833469
24.044082
25.102041
25.330068
25.986939
26.200816
26.869388
27.114286
27.742041
27.957551
29.932245
30.195918
30.902449
31.108571
31.368163
31.516735
33.970204
34.184082
34.833469
35.086939
35.737143
35.944490
36.154921
36.402857
37.284490
38.209796
39.102041
39.976327
40.955510
41.986122
