0.232857
0.443810
1.092698
1.321270
1.996190
2.202540
2.419048
2.646984
2.850159
3.098413
3.331111
3.524603
3.764444
3.984286
4.632381
4.885442
5.551293
5.785578
6.007891
6.216871
6.469388
6.706395
6.916463
7.103401
7.364898
7.584762
8.208980
8.444082
9.105850
9.344580
9.754558
10.208073
10.930068
11.129252
11.355283
11.560635
11.780136
11.984036
12.204989
12.439002
12.645805
12.846440
13.069206
13.282540
13.500952
13.725170
13.928707
14.139501
14.356825
14.555646
14.773333
14.982676
15.200000
15.422404
15.623764
15.840000
16.015964
16.238367
16.442993
16.667574
16.881633
17.099592
17.303673
17.501224
17.723265
17.944082
18.180408
18.378367
18.573061
18.787755
19.003673
19.234694
19.428571
19.660408
19.866122
20.075102
20.275102
20.501224
20.731020
20.940000
21.171837
21.411020
22.100816
22.294694
22.517551
22.715918
22.914286
23.148980
23.796327
24.021633
24.217959
24.439184
24.642857
24.884490
25.330204
25.521224
25.754694
26.165714
26.391020
26.631837
27.115510
27.268571
27.525714
27.915918
29.046122
29.282857
29.479184
29.718367
30.390748
30.624490
30.733061
30.865850
30.966258
31.052517
31.281633
31.540952
32.194286
32.435918
32.532653
32.654286
32.738776
32.862449
33.083265
33.284898
33.508163
33.714694
33.988027
34.171701
34.381769
34.616054
34.864762
35.062585
35.734422
35.959728
36.171429
36.403265
36.600272
36.814150
37.522177
37.709932
38.398367
38.629116
39.300136
39.536871
40.201633
40.408163
41.085714
41.373061
41.607347
41.960816
