0.190612
0.445714
0.633469
0.884535
1.117143
1.365306
1.573469
1.767619
1.992562
2.221497
2.452517
2.690884
2.860952
3.103129
3.351927
3.581859
3.785488
4.014739
4.209070
4.452381
4.646032
4.899773
5.128571
5.333560
5.554195
5.761633
6.051247
6.252608
6.435918
6.697506
6.924490
7.153515
7.370068
7.615420
7.835601
8.039002
8.232426
8.415782
8.685351
8.900454
9.115646
9.334240
9.561905
9.765533
9.893424
10.003084
10.074195
10.222676
10.475283
10.687528
10.912472
11.153742
11.376871
11.573696
11.783673
12.014966
12.221315
12.419501
12.630385
12.842630
13.062585
13.284354
13.500227
13.711111
13.948753
14.164172
14.390476
14.582313
14.785488
14.990930
15.208617
15.417687
15.617687
15.839909
16.044898
16.265760
16.489342
16.687075
16.893878
17.097052
17.317460
17.522222
17.704762
17.946939
18.161905
18.375057
18.572789
18.805896
19.024490
19.221315
19.386032
19.614512
19.846712
20.061678
20.201361
20.346485
20.420862
20.515193
20.751474
20.968707
21.180499
21.447166
22.072562
22.290249
22.504308
22.736054
22.930159
23.203175
23.791837
24.033560
24.246258
24.441383
24.648730
24.898571
25.329932
25.572336
25.770295
26.196145
26.393197
26.627891
27.070295
27.318277
27.549206
27.977324
28.641451
28.877823
29.107302
29.319184
29.539410
29.725306
32.176349
32.402608
32.522993
32.631587
32.731746
32.838322
33.063810
33.277937
33.530000
33.743764
33.945125
34.171882
34.399093
34.634014
34.830385
35.034014
35.284354
35.498866
36.141134
36.381315
36.586667
36.826848
37.063401
37.259320
37.989206
38.212063
38.676190
38.869206
39.102857
39.767619
39.987302
40.390476
40.671746
40.880000
41.590476
41.918095
44.210159
