0.156009
0.431746
1.121088
1.306122
3.733333
3.940136
4.614966
4.850794
7.307029
7.568254
8.250340
8.482540
9.070295
9.302494
9.745125
10.158730
10.891610
11.145578
11.370522
11.573696
11.769615
12.001814
12.204989
12.386395
12.618594
12.840635
13.049615
13.246984
13.484989
13.688163
13.908753
14.117732
14.325986
14.550204
14.780952
14.976871
15.181497
15.392653
15.595102
15.799728
16.023946
16.237279
16.461497
16.655238
16.868571
17.079728
17.284354
17.493333
17.711020
17.906939
18.135510
18.327075
18.555646
18.758095
18.967075
19.182585
19.398095
19.635374
19.831293
20.040272
20.262313
20.473469
20.693333
20.911020
21.622857
21.834014
22.073469
22.304218
23.336054
23.568980
23.832381
24.095782
25.084082
25.280000
25.924354
26.155102
26.819048
27.065034
27.698503
27.918367
28.192653
28.434286
28.632381
29.078639
29.307211
29.505306
29.725170
30.630748
30.750476
30.859320
30.944218
31.074830
31.312109
31.529796
31.740952
31.954286
32.600816
32.829388
33.081905
33.295238
33.547755
33.674014
33.782857
33.889524
34.388027
34.634014
37.468299
37.720816
38.400000
38.626395
39.262041
39.488435
40.167619
40.394014
41.073197
41.343129
41.595646
41.970068
