0.159637
0.464399
1.102948
1.378685
3.758730
3.990930
4.643991
4.905215
7.343311
7.590023
8.232200
8.493424
9.102948
9.335147
9.759637
10.191383
10.901769
11.122358
11.325533
11.543220
11.789932
11.996009
12.210794
12.408163
12.640363
12.831927
13.058322
13.212154
13.482086
13.693968
13.920363
14.135147
14.332517
14.576327
14.741769
14.997188
15.168435
15.397732
15.606712
15.809887
16.021769
16.245261
16.474558
16.666122
16.866395
17.110204
17.293061
17.499138
17.745850
17.934512
18.163810
18.358277
18.573061
18.790748
18.988118
19.197098
19.417687
19.617959
19.841451
20.059138
20.282630
20.485805
20.726712
20.961814
21.603265
21.838367
22.085079
22.270839
23.330249
23.559546
23.762721
23.992018
25.042721
25.402630
25.959909
26.200816
26.830658
27.100590
27.733333
27.997460
29.921814
30.168526
30.882540
31.100227
31.335329
31.564626
33.927256
34.179773
34.812517
35.088254
35.700680
35.929977
36.147664
36.379864
37.253515
38.159093
39.079184
39.961542
40.864218
41.914921
