0.222041
0.435374
1.079728
1.323537
1.980952
2.198639
2.438095
2.653605
2.875646
3.080272
3.306667
3.504762
3.750748
3.970612
4.630204
4.876190
5.540136
5.775238
5.988571
6.212063
6.460952
6.669206
6.902857
7.121270
7.349116
7.564626
8.193741
8.431020
9.094966
9.332245
9.745850
10.198639
10.914830
11.121633
11.343673
11.559184
11.774694
11.974966
12.201361
12.421224
12.628027
12.823946
13.045986
13.222313
13.485714
13.705578
13.905850
14.123537
14.339048
14.537143
14.759184
14.976871
15.192381
15.416599
15.614694
15.821497
16.008707
16.224218
16.433197
16.654694
16.873469
17.090612
17.293061
17.485714
17.709388
17.934694
18.140408
18.365714
18.563265
18.764082
18.984490
19.211429
19.422041
19.647347
19.857959
20.065306
20.264490
20.489796
20.705306
20.930612
21.154286
21.402449
22.096327
22.287347
22.494694
22.700408
22.902857
23.136327
23.838367
24.027755
24.210612
24.432653
24.636735
24.873469
25.328980
25.518367
25.737143
26.145306
26.382041
26.612245
27.097143
27.258776
27.505306
27.975510
29.031837
29.271837
29.467937
29.696508
30.372063
30.615873
30.732698
30.850794
30.966349
31.075556
31.274921
31.521270
32.179048
32.416508
32.521905
32.638730
32.742857
32.860952
33.079365
33.272381
33.494603
33.711746
33.945397
34.152381
34.372063
34.581587
34.816508
35.047619
35.710476
35.945397
36.153651
36.384762
36.587937
36.805079
37.476825
37.697778
38.383492
38.600635
39.258413
39.537778
40.092698
40.388209
41.063039
41.367800
41.607256
41.941043
