0.166893
0.420862
0.660317
0.899773
1.099320
1.327891
1.541950
1.752381
1.980952
2.216780
2.430839
2.677551
2.858957
3.087528
3.323356
3.555556
3.762358
3.990930
4.223129
4.444444
4.629478
4.847166
5.101134
5.318821
5.551020
5.775964
6.015420
6.258503
6.483447
6.708390
6.907937
7.118367
7.346939
7.571882
7.822222
8.036281
8.210431
8.457143
8.696599
8.903401
9.077551
9.324263
9.538322
9.763265
9.898957
10.009252
10.089070
10.212426
10.457687
10.671020
10.894512
11.151383
11.348753
11.570794
11.776871
12.004717
12.209342
12.412517
12.612789
12.829025
13.045261
13.268753
13.484989
13.692517
13.924717
14.148209
14.367347
14.554558
14.764989
14.978322
15.180045
15.390476
15.603810
15.828753
16.017415
16.243810
16.476009
16.669025
16.863492
17.064127
17.297778
17.480635
17.693968
17.914921
18.125714
18.341587
18.552381
18.760635
19.012063
19.200000
19.398095
19.596190
19.822222
20.048254
20.203175
20.350113
20.403628
20.491610
20.731973
20.951474
21.149206
21.395011
22.066213
22.258503
22.473469
22.704762
22.904308
23.150113
23.768707
23.996372
24.209524
24.409977
24.624943
24.856961
25.331519
25.565533
25.749660
26.175057
26.384580
26.600454
27.082086
27.299773
27.535601
27.950113
28.614966
28.862585
29.103855
29.303401
29.522902
29.748753
32.156735
32.391837
32.542222
32.653968
32.747937
32.829388
33.075556
33.250794
33.497143
33.707937
33.950476
34.158730
34.386032
34.589206
34.845714
35.027302
35.268571
35.484444
36.137143
36.349206
36.561270
36.807619
37.024762
37.248254
37.974603
38.186667
38.626032
38.841905
39.075556
39.757460
39.977143
40.426667
40.656508
40.866032
41.588571
41.947937
44.160000
