0.174150
0.431020
1.118912
1.310476
3.735510
3.944490
4.623673
4.841361
7.314286
7.553741
8.241633
8.481088
9.068844
9.299592
9.739320
10.179048
10.897415
11.141224
11.354558
11.572245
11.763810
12.003265
12.216599
12.412517
12.634558
12.843537
13.052517
13.248435
13.492245
13.696871
13.923265
14.145306
14.367347
14.580680
14.789660
14.985578
15.194558
15.399184
15.599456
15.799728
16.030476
16.239456
16.470204
16.657415
16.870748
17.084082
17.297415
17.510748
17.724082
17.924354
18.133333
18.342313
18.564354
18.764626
18.999728
19.186939
19.404626
19.635374
19.844354
20.040272
20.266667
20.497415
20.706395
20.924082
21.111293
21.620680
21.834014
22.082177
22.299864
23.349116
23.566803
23.819320
24.076190
25.090612
25.922177
26.161633
26.827755
27.067211
27.711565
27.916190
28.186122
28.442993
29.056871
29.309388
29.514014
29.749116
30.419592
30.628571
30.728707
30.854966
30.959456
31.085714
31.299048
31.499320
31.738776
31.956463
32.134966
32.387483
32.539864
32.626939
32.835918
33.044898
33.301769
33.510748
33.567347
33.637007
33.693605
33.771973
33.911293
34.407619
34.581769
37.498776
37.725170
38.434830
38.608980
39.262041
39.488435
40.180680
40.394014
41.077551
41.347483
41.595646
41.957007
