0.152381
0.435374
1.095692
1.335147
3.729705
4.048980
4.658503
4.897959
7.350567
7.611791
7.785941
8.228571
8.504308
9.106576
9.331519
9.781406
10.238549
10.666667
10.920635
11.123810
11.370522
11.566440
11.798639
12.009070
12.226757
12.437188
12.625850
12.850794
13.075737
13.293424
13.489342
13.707029
13.946485
14.200454
14.338322
14.592290
14.766440
15.049433
15.238095
15.441270
15.622676
15.847619
16.036281
16.246712
16.493424
16.747392
16.885261
17.117460
17.306122
17.538322
17.748753
17.951927
18.176871
18.351020
18.575964
18.793651
18.996825
19.214512
19.439456
19.628118
19.853061
20.070748
20.295692
20.527891
20.731066
20.985034
21.398639
21.601814
21.841270
22.080726
22.276644
23.350567
23.560998
24.003628
25.055782
25.396825
25.679819
25.984580
26.202268
26.630385
26.848073
27.080272
27.726077
28.009070
29.931973
30.171429
30.875283
31.085714
31.375964
31.542857
33.951927
34.191383
34.822676
35.098413
35.461224
35.715193
35.940136
36.157823
36.390023
37.253515
38.175057
39.045805
39.996372
40.881633
41.941043
