0.185760
0.441179
1.088435
1.317007
1.984580
2.216780
2.438095
2.655782
2.862585
3.076644
3.316100
3.515646
3.755102
3.980045
4.647619
4.876190
5.540136
5.775964
5.986395
6.218594
6.454422
6.668481
6.907937
7.129252
7.339683
7.568254
8.210431
8.439002
9.099320
9.335147
9.748753
10.195011
10.927891
11.141950
11.345125
11.562812
11.784127
11.983673
12.215873
12.426304
12.636735
12.832653
13.061224
13.278912
13.489342
13.714286
13.921088
14.135147
14.352834
14.556009
14.773696
14.987755
15.198186
15.423129
15.615420
15.822222
16.018141
16.235828
16.431746
16.671202
16.874376
17.095692
17.302494
17.487528
17.712472
17.941043
18.165986
18.365533
18.565079
18.775510
19.000454
19.225397
19.428571
19.653515
19.863946
20.074376
20.270295
20.491610
20.712925
20.926984
21.148299
21.402268
22.087982
22.280272
22.501587
22.693878
22.893424
23.136508
23.793197
24.010884
24.246712
24.439002
24.642177
24.870748
25.335147
25.516553
25.752381
26.158730
26.380045
26.623129
27.167347
27.268934
27.522902
29.046712
29.293424
29.703401
30.374603
30.617687
30.762812
30.860771
31.045805
31.274376
31.521088
32.203175
32.431746
32.522449
32.645805
32.761905
32.859864
33.066667
33.287982
33.505669
33.708844
33.944671
34.162358
34.376417
34.586848
34.808163
35.058503
35.715193
35.943764
36.165079
36.379138
36.607710
36.810884
37.511111
37.710658
38.400000
38.610431
39.288889
39.535601
40.097959
40.409977
41.081179
41.364172
41.600000
41.948299
