0.174150
0.406349
0.464399
0.667574
0.885261
1.102948
1.378685
1.538322
1.770522
2.002721
2.220408
2.452608
2.670295
2.858957
3.076644
3.323356
3.555556
3.773243
3.961905
4.165079
4.426304
4.614966
4.890703
5.122902
5.326077
5.543764
5.775964
6.008163
6.298413
6.472562
6.690249
6.878912
7.096599
7.343311
7.575510
7.822222
7.996372
8.199546
8.431746
8.707483
8.881633
9.099320
9.317007
9.534694
9.737868
10.013605
10.115193
10.231293
10.434467
10.623129
10.898866
11.174603
11.363265
11.551927
11.755102
11.987302
12.219501
12.393651
12.611338
12.785488
13.003175
13.264399
13.467574
13.656236
13.917460
14.120635
14.367347
14.556009
14.759184
14.962358
15.165533
15.397732
15.586395
15.789569
16.036281
16.253968
16.471655
16.674830
16.878005
17.052154
17.284354
17.502041
17.676190
17.879365
18.140590
18.358277
18.546939
18.750113
18.982313
19.185488
19.388662
19.620862
19.824036
20.056236
20.230385
20.390023
20.535147
20.738322
20.956009
21.144671
21.420408
22.073469
22.262132
22.479819
22.712018
22.900680
23.132880
23.771429
23.974603
24.206803
24.409977
24.627664
24.845351
25.324263
25.512925
25.730612
26.151474
26.340136
26.601361
27.065760
27.268934
27.501134
27.834921
28.589569
28.865306
29.126531
29.300680
29.518367
29.779592
32.145125
32.377324
32.522449
32.696599
32.841723
33.059410
33.277098
33.509297
33.683447
33.930159
34.147846
34.365533
34.597732
34.858957
35.018594
35.265306
35.468481
35.686168
36.150567
36.353741
36.556916
36.803628
37.021315
37.239002
37.993651
38.182313
38.632200
38.820862
39.053061
39.720635
39.967347
40.402721
40.634921
40.867120
41.592744
41.955556
44.190476
