0.189388
0.450204
1.139229
1.340952
3.751293
3.989660
4.637279
4.878912
7.337687
7.578231
8.271565
8.474558
9.110930
9.308299
9.749478
10.158730
10.884354
11.135420
11.345850
11.559184
11.760907
11.993107
12.197732
12.396553
12.609887
12.831927
13.039456
13.238277
13.449796
13.682358
13.904399
14.123537
14.334694
14.556735
14.780408
14.976327
15.178776
15.397551
15.598367
15.797551
15.998367
16.223673
16.431020
16.649796
16.871837
17.071020
17.266939
17.490612
17.711020
17.903673
18.126077
18.349206
18.539683
18.760998
19.002268
19.181859
19.395918
19.633560
19.831293
20.045351
20.272109
20.487982
20.705669
20.914286
21.616327
21.830385
22.020862
22.269388
23.330612
23.564626
23.784127
24.027211
25.088435
25.293424
25.921088
26.124263
26.815420
27.031293
27.691610
27.921995
28.188662
28.444444
29.082993
29.248073
29.500227
29.719728
30.410884
30.630385
30.725714
30.822041
30.919184
31.033469
31.257143
31.511020
31.747755
31.955918
32.600000
32.816327
33.023673
33.271837
33.502041
33.552653
33.610884
33.664218
33.769796
33.889524
34.395283
34.606440
37.500227
37.724444
38.424671
38.609705
39.271474
39.486984
40.185760
40.404172
41.081179
41.347483
41.583311
41.947574
