0.159637
0.435374
1.088435
1.342404
3.722449
3.983673
4.665760
4.876190
7.328798
7.590023
8.228571
8.482540
9.077551
9.317007
9.759637
10.202268
10.896327
11.124898
11.350204
11.572245
11.784490
12.006531
12.215510
12.444082
12.640000
12.839184
13.064490
13.214694
13.485714
13.699048
13.922540
14.143492
14.355737
14.576327
14.756281
15.001542
15.227937
15.428571
15.634286
15.860317
16.027937
16.223492
16.472381
16.677732
16.882358
17.091338
17.307574
17.503492
17.722630
17.938866
18.159456
18.364082
18.575964
18.792200
18.993923
19.202902
19.406077
19.625215
19.842902
20.051882
20.273923
20.472744
20.733968
20.956009
21.611973
21.841270
22.044444
22.266485
23.341859
23.566803
23.797551
24.025397
25.061587
25.396825
25.997642
26.210975
26.833560
27.129615
27.749297
27.994558
29.924717
30.174331
30.910113
31.104580
31.301587
31.503492
33.937778
34.184127
34.811429
35.082449
35.696327
35.937959
36.160000
36.388571
37.276735
38.151837
39.017143
40.009796
40.946939
41.985306
