0.164898
0.416327
0.637823
0.888889
1.126893
1.334422
1.546304
1.753107
1.987483
2.219683
2.450431
2.665941
2.862585
3.080272
3.316825
3.549025
3.776871
3.990930
4.210794
4.438639
4.641088
4.859501
5.082993
5.302857
5.537234
5.773787
5.998005
6.252698
6.468209
6.698957
6.913741
7.124898
7.347664
7.576961
7.807710
8.018866
8.203175
8.445533
8.679909
8.893968
9.080454
9.324989
9.540499
9.755283
9.882449
10.009252
10.085442
10.211701
10.464943
10.667392
10.901769
11.120181
11.358912
11.564989
11.780499
12.004717
12.226757
12.408163
12.607710
12.831202
13.050340
13.271655
13.479909
13.688889
13.923265
14.152562
14.376780
14.558912
14.759184
14.997551
15.190204
15.386122
15.611429
15.817143
16.016327
16.239456
16.476735
16.675918
16.884898
17.080816
17.293061
17.495510
17.704490
17.929796
18.138776
18.344490
18.546939
18.772245
19.000816
19.203265
19.405714
19.598367
19.843265
20.035918
20.212245
20.339592
20.406349
20.493424
20.743764
20.950567
21.150113
21.395011
22.069841
22.254875
22.483447
22.712018
22.898866
23.160091
23.769615
24.009070
24.235828
24.408163
24.622222
24.868934
25.333333
25.520181
25.741497
26.178685
26.392744
26.603175
27.054875
27.288889
27.541043
27.947392
28.614966
28.867120
29.102948
29.306122
29.514739
29.723356
32.161451
32.386395
32.527891
32.654875
32.754649
32.834467
33.079365
33.260771
33.512925
33.723356
33.957370
34.156916
34.374603
34.592290
34.846259
35.022222
35.258050
35.484807
35.711565
36.119728
36.351927
36.560544
36.803628
37.035828
37.266213
37.971882
38.189569
38.635828
38.842630
39.074830
39.747846
39.980045
40.419048
40.649433
40.870748
41.581859
41.933787
44.185034
