0.177778
0.431746
1.071746
1.315556
1.975873
2.204444
2.422857
2.661587
2.895238
3.080272
3.301587
3.504762
3.740590
3.976417
4.625850
4.858050
5.540136
5.790476
5.986395
6.222222
6.454422
6.675737
6.893424
7.111111
7.346939
7.553741
8.177778
8.439002
9.095692
9.324263
9.745125
10.184127
10.906122
11.105669
11.334240
11.544671
11.758730
11.976417
12.186848
12.415420
12.636735
12.832653
13.035828
13.224490
13.489342
13.688889
13.902948
14.138776
14.341950
14.559637
14.762812
14.973243
15.187302
15.412245
15.611791
15.814966
16.003628
16.224943
16.424490
16.656689
16.870748
17.084807
17.295238
17.491156
17.705215
17.930159
18.162358
18.358277
18.546939
18.760998
18.989569
19.207256
19.414059
19.646259
19.863946
20.067120
20.263039
20.491610
20.709297
20.941497
21.155556
21.391383
22.095238
22.287528
22.516100
22.693878
22.893424
23.132880
23.796825
23.997460
24.235102
24.429206
24.629841
24.868571
25.323175
25.518730
25.747302
26.140952
26.387302
26.613333
27.088254
27.258413
27.499683
27.944127
29.041270
29.269841
29.462857
29.693968
30.372063
30.608254
30.747574
30.849161
30.971066
31.040726
31.277279
31.510930
32.177052
32.416508
32.519546
32.616054
32.708209
32.840998
33.069569
33.277098
33.496961
33.706667
33.908571
34.157460
34.373333
34.586667
34.811429
35.051429
35.700317
35.941587
36.152381
36.384762
36.587937
36.806349
37.478095
37.699048
38.389841
38.599365
39.260952
39.535238
40.088889
40.405079
41.059048
41.351111
41.600000
41.949206
