0.148753
0.425397
1.115646
3.697052
3.943039
4.612063
4.845714
7.311383
7.559546
8.235828
8.453515
9.022404
9.070295
9.296689
9.736417
10.154376
10.837914
11.120907
11.347302
11.543220
11.758005
11.982948
12.191927
12.389297
12.608435
12.824671
13.043810
13.238277
13.448707
13.685261
13.881179
14.071293
14.313651
14.545850
14.769342
14.968163
15.169887
15.384671
15.592200
15.772154
15.997098
16.195918
16.380227
16.645805
16.811247
16.873651
16.949116
17.073923
17.278549
17.483175
17.708118
17.912744
18.118821
18.337959
18.558549
18.745760
18.961995
19.173878
19.349478
19.395918
19.565714
19.632472
19.831293
19.990930
20.255057
20.477098
20.691882
20.880544
21.619229
21.804989
22.292608
23.325896
23.494240
23.553741
25.086259
25.919274
26.810340
27.692698
29.299229
29.705578
30.402177
30.634376
31.081361
31.497868
31.947755
32.821406
33.274195
33.496236
33.625397
34.377143
37.487166
37.720816
38.415964
38.590113
39.241723
40.173424
40.379501
41.061587
41.332971
41.568073
41.959909
