0.152381
0.428118
1.004989
1.302494
3.718821
3.943764
4.625850
4.865306
7.281633
7.550113
8.199546
8.406349
9.063039
9.298866
9.712472
10.089796
10.924263
11.218141
11.548299
11.980045
12.186848
12.379138
12.575057
12.770975
13.046712
13.202721
13.413152
13.489342
13.678005
13.917460
15.169161
15.419501
15.836735
16.032653
16.188662
16.235828
16.464399
16.634921
16.769161
16.878005
17.117460
17.266213
17.473016
17.708844
17.897506
18.136961
18.321995
18.521542
18.728345
18.797279
18.920635
18.975057
19.192744
19.414059
19.595465
19.816780
20.030839
20.241270
20.451701
20.665760
20.781859
20.937868
21.580045
21.808617
22.265760
23.296145
23.528345
23.985488
25.030385
25.658050
25.933787
26.594104
26.819048
27.620862
29.699773
29.902948
30.142404
31.045805
31.444898
31.666213
33.872109
34.771882
35.704308
36.150567
36.375510
37.217234
38.160544
38.998639
39.923810
40.798186
41.872109
