0.156735
0.409252
0.893061
1.066667
1.213878
1.335510
1.724082
1.946122
2.686259
3.086803
3.757551
3.982041
4.632653
4.857143
5.536327
6.002449
7.300408
7.579592
8.201633
8.438367
9.068571
9.316735
9.518367
9.750204
10.208980
10.635918
10.896327
11.106939
11.349388
11.533061
11.750204
11.987755
12.201633
12.403265
12.586122
12.813878
13.031020
13.254694
13.462041
13.681633
13.903673
14.111020
14.354286
14.524898
14.761633
14.944490
15.187755
15.392653
15.592653
15.812245
16.013878
16.238367
16.471837
16.609796
17.074286
17.275918
17.480816
17.683265
17.923265
18.118367
18.340408
18.539592
18.755102
18.997551
19.195102
19.368163
19.607347
19.819592
20.042449
20.488163
20.725714
20.923265
21.134694
21.395102
22.260408
22.695510
22.884898
23.140408
23.965714
24.369796
24.594286
24.845714
25.747755
26.352653
26.595918
27.274286
27.515102
28.562449
28.858776
29.297143
29.501224
32.143673
32.383673
32.817959
33.257959
33.479184
33.706939
34.149388
34.350204
34.587755
35.022041
35.269388
35.478367
36.348571
36.560816
36.805714
38.819592
39.970612
40.420408
40.646531
40.853878
41.589388
41.935510
44.158367
