0.092880
0.371519
1.044898
1.277098
1.950476
3.227574
3.761633
3.924172
4.574331
4.829751
5.503129
5.990748
6.524807
6.896327
7.244626
8.103764
8.405624
9.032562
9.264762
9.705941
10.123900
10.866939
11.103492
11.337143
11.530159
11.972063
12.185397
12.606984
12.825397
13.048889
13.475556
13.699048
13.902222
14.318730
14.532063
14.770794
14.973968
15.187302
15.385397
15.588571
15.827302
16.223492
16.436825
16.655238
16.868571
17.061587
17.711746
18.361905
18.560000
18.763175
18.986667
19.200000
19.423492
19.626667
19.860317
20.251429
20.495238
20.698413
20.906667
21.140317
21.368889
22.262857
22.699683
22.862222
23.106032
23.954286
24.609524
24.853333
26.585397
27.494603
29.013333
29.236825
29.678730
30.339048
30.603175
31.040000
31.517460
32.162540
32.817778
33.274921
33.483175
33.706667
34.123175
34.356825
34.590476
35.032381
35.626667
36.088889
36.373333
37.363810
38.273016
39.065397
40.076190
40.909206
41.356190
41.589841
41.930159
