0.166893
0.457143
1.131973
1.320635
3.751474
3.961905
4.636735
4.861678
7.328798
7.597279
8.264853
8.504308
9.092063
9.324263
9.752381
10.202268
10.906122
11.174603
11.377778
11.602721
11.776871
12.009070
12.219501
12.437188
12.640363
12.858050
13.090249
13.271655
13.503855
13.714286
13.931973
14.149660
14.345578
14.592290
14.809977
14.998639
15.223583
15.397732
15.637188
15.825850
16.050794
16.261224
16.471655
16.667574
16.907029
17.110204
17.327891
17.531066
17.719728
17.937415
18.126077
18.358277
18.590476
18.786395
19.011338
19.214512
19.432200
19.671655
19.867574
20.056236
20.281179
20.506122
20.723810
20.912472
21.630839
21.863039
22.095238
22.334694
23.350567
23.568254
23.788844
24.084898
25.112381
25.347483
25.948299
26.183401
26.859683
27.103492
27.747846
28.003265
28.235465
28.525714
29.100408
29.320998
29.524172
29.736054
30.435556
30.689524
30.751020
30.828844
30.950748
31.090068
31.320816
31.481905
31.725714
31.960816
32.661224
32.834286
33.082449
33.325714
33.546122
33.637551
33.740408
33.898776
34.400000
34.617143
37.496599
37.738231
38.417959
38.612245
39.265306
39.500408
40.184490
40.395102
41.080816
41.348571
41.590204
41.968980
