0.208980
0.487619
1.137778
1.346757
3.808073
4.040272
4.690431
4.922630
7.386848
7.648073
8.257596
8.576871
9.142857
9.375057
9.810431
10.274830
10.875646
11.180408
11.345850
11.572245
11.772517
12.042449
12.225306
12.451701
12.669388
12.869660
13.096054
13.322449
13.505306
13.731701
13.958095
14.184490
14.384762
14.582132
14.820136
15.063946
15.232290
15.464490
15.667664
15.853424
16.044989
16.265578
16.480363
16.724172
16.880907
17.113107
17.333696
17.542676
17.745850
17.972245
18.187029
18.390204
18.604989
18.796553
19.017143
19.226122
19.458322
19.638277
19.847256
20.073651
20.271020
20.491610
20.747029
20.985034
21.635193
21.873197
22.082177
22.296961
23.359274
23.574059
23.788844
24.021043
25.094966
25.356190
26.017959
26.232744
26.859683
27.138322
27.742041
27.974240
29.965351
30.243991
30.934785
31.137959
31.393379
31.666213
33.970794
34.197188
34.835737
35.102766
35.735510
35.996735
36.165079
36.408889
37.285442
38.214240
39.073379
39.996372
40.878730
41.958458
