0.253968
0.457143
1.097143
1.361270
2.011429
2.245079
2.468571
2.681905
2.895238
3.108571
3.362540
3.545397
3.779048
4.012698
4.632381
4.896508
5.546667
5.831111
6.034286
6.227302
6.501587
6.735238
6.968889
7.131429
7.395556
7.598730
8.208254
8.462222
9.122540
9.366349
9.782857
10.229841
10.940952
11.154286
11.367619
11.601270
11.794286
12.017778
12.231111
12.424127
12.627302
12.881270
13.084444
13.318095
13.521270
13.734603
13.947937
14.171429
14.354286
14.587937
14.780952
15.045079
15.248254
15.431111
15.654603
15.878095
16.030476
16.284444
16.487619
16.690794
16.924444
17.117460
17.330794
17.523810
17.737143
17.980952
18.194286
18.397460
18.600635
18.783492
19.037460
19.250794
19.474286
19.657143
19.921270
20.093968
20.276825
20.540952
20.754286
20.947302
21.180952
21.445079
22.054603
22.318730
22.511746
22.745397
22.938413
23.192381
23.812063
24.045714
24.228571
24.482540
24.665397
24.899048
25.376508
25.559365
25.772698
26.168889
26.433016
26.707302
27.083175
27.316825
27.570794
27.977143
29.074286
29.297778
29.541587
29.724444
30.384762
30.628571
30.750476
30.872381
30.973968
31.065397
31.319365
31.563175
32.203175
32.426667
32.528254
32.640000
32.748844
32.844626
33.046349
33.297415
33.506395
33.732789
33.994014
34.159456
34.394558
34.629660
34.856054
35.073741
35.752925
35.961905
36.179592
36.397279
36.641088
36.823946
37.555374
37.729524
38.417415
38.635102
39.314286
39.592925
40.211156
40.437551
41.116735
41.404082
41.630476
41.970068
