0.185760
0.417959
0.650159
0.835918
1.137778
1.393197
1.578957
1.764717
1.973696
2.229116
2.472925
2.708027
2.873469
3.108571
3.343673
3.587483
3.787755
4.005442
4.240544
4.475646
4.649796
4.884898
5.111293
5.337687
5.564082
5.834014
6.042993
6.251973
6.469660
6.730884
6.931156
7.174966
7.357823
7.610340
7.862857
8.028299
8.219864
8.454966
8.718367
8.942585
9.090612
9.351837
9.578231
9.787211
9.906939
10.011429
10.076735
10.240000
10.475102
10.703673
10.919184
11.154286
11.382857
11.578776
11.794286
12.022857
12.238367
12.427755
12.643265
12.839184
13.048163
13.289796
13.505306
13.714286
13.942857
14.177959
14.406531
14.602449
14.804898
14.987755
15.203265
15.425306
15.614694
15.862857
16.045714
16.267755
16.489796
16.692245
16.894694
17.097143
17.338776
17.502041
17.717551
17.939592
18.174694
18.377143
18.573061
18.801633
19.010612
19.213061
19.415510
19.624490
19.859592
20.068571
20.238367
20.349388
20.440816
20.506122
20.747755
20.976327
21.165714
21.426939
22.106122
22.288980
22.497959
22.752653
22.942041
23.190204
23.830204
24.019592
24.261224
24.431020
24.659592
24.894694
25.358367
25.593469
25.782857
26.194286
26.403265
26.638367
27.082449
27.343673
27.559184
28.022857
28.636735
28.884898
29.100408
29.309388
29.551020
29.792653
32.182857
32.404898
32.548571
32.679184
32.796735
32.875102
33.103673
33.280000
33.521633
33.724082
33.965714
34.181224
34.403265
34.618776
34.853878
35.043265
35.304490
35.506939
36.251429
36.382041
36.604082
36.806531
37.041633
37.315918
38.021224
38.230204
38.667755
38.870204
39.072653
39.836735
40.013061
40.470204
40.698776
40.875102
41.626122
41.991837
44.264490
