0.464399
0.522449
1.248073
3.860317
4.702041
7.401361
8.446259
9.200907
9.723356
10.274830
10.971429
11.377778
11.493878
11.958277
12.887075
13.235374
13.496599
13.873923
14.309297
14.628571
15.005896
15.209070
15.586395
16.021769
16.341043
16.747392
17.269841
17.705215
18.169615
18.256689
18.575964
18.837188
19.156463
19.330612
19.853061
20.346485
20.578685
21.130159
21.913832
22.552381
23.510204
25.135601
25.919274
26.906122
27.951020
28.357370
29.460317
30.302041
31.579138
32.130612
33.436735
34.394558
37.645351
38.341950
39.328798
40.257596
41.128345
41.650794
42.028118
