0.325079
1.114558
1.509297
3.715193
4.179592
4.713651
5.085170
7.383946
7.755465
8.335964
8.707483
9.264762
9.845261
10.402540
10.983039
11.377778
11.888617
12.190476
12.445896
12.747755
12.887075
13.328254
13.676553
13.978413
14.303492
14.582132
14.814331
15.092971
15.255510
15.580590
15.812789
16.044989
16.323628
16.486168
16.788027
17.182766
17.414966
17.647166
18.018685
18.343764
18.599184
19.017143
19.249342
19.365442
19.574422
19.829841
20.340680
20.781859
20.874739
21.733878
22.058957
22.569796
23.405714
23.730794
24.102313
25.147211
25.959909
26.819048
27.747846
29.698322
30.069841
31.184399
33.808254
34.829932
35.689070
35.967710
36.408889
37.384127
38.289705
39.009524
40.054422
41.006440
41.935238
