0.441179
1.137778
1.416417
2.159456
3.227574
3.622313
3.784853
4.109932
4.806531
5.665669
5.967528
6.431927
6.919546
7.360726
7.523265
8.243084
8.568163
9.148662
9.357642
9.729161
10.193560
10.936599
11.238458
11.563537
11.888617
12.167256
12.469116
12.608435
12.933515
13.142494
13.421134
13.769433
14.071293
14.489252
14.744671
15.046531
15.348390
15.696689
15.882449
16.114649
16.486168
16.648707
17.043447
17.345306
17.554286
17.832925
18.088345
18.413424
18.645624
18.901043
19.110023
19.481542
19.806621
20.154921
20.340680
20.572880
20.712200
20.897959
21.223039
21.478458
22.175057
22.593016
22.941315
23.336054
24.079093
24.334512
24.706032
24.915011
26.331429
26.749388
27.190567
27.608526
29.001723
29.280363
29.721542
30.278821
30.511020
31.277279
31.625578
32.159637
32.368617
32.809796
33.065215
33.343855
33.599274
34.086893
34.295873
34.690612
35.015692
35.689070
36.107029
36.408889
36.850068
37.430567
38.475465
39.172063
40.054422
40.449161
41.122540
41.377959
41.981678
