0.301859
0.580499
1.346757
2.066576
2.670295
3.181134
3.761633
4.063492
4.551111
4.829751
5.456689
5.944308
6.501587
7.407166
8.196644
9.102222
9.427302
9.729161
10.657959
11.075918
11.284898
11.586757
11.865397
12.120816
12.399456
12.585215
12.863855
13.072834
13.421134
13.653333
14.048073
14.396372
14.651791
14.837551
15.232290
15.882449
16.137868
16.579048
16.834467
17.159546
17.368526
17.809705
18.181224
18.459864
18.808163
19.110023
19.574422
19.945941
20.224580
20.503220
20.921179
21.269478
22.407256
22.825215
23.289615
24.055873
24.404172
24.659592
24.984671
25.913469
26.215329
26.377868
26.726168
27.353107
28.630204
29.535782
32.252517
32.438277
33.274195
33.552834
34.179773
34.690612
35.085351
35.294331
36.269569
36.757188
37.175147
37.453787
38.939864
40.704580
40.960000
41.424399
44.257234
